82755	51683
99249	51400
27908	4605
56015	60281
23215	37744
46269	37059
58471	73506
75955	44980
3388	80690
43494	10148
17746	92438
52250	85328
32900	32001
46336	25520
7842	89123
42044	60025
88911	31307
93234	22704
10529	24366
85468	61394
59274	91289
43463	65397
12815	77418
27901	75584
56809	81903
12467	78226
74557	4254
80447	32665
25189	87921
64614	61075
10461	4119
40159	44263
82560	29760
13088	85798
13738	54790
58876	42173
29955	18253
11277	19077
36638	79770
14726	8732
17612	86856
2306	62565
74053	53294
26293	95194
89814	43305
26999	82441
57493	13516
92269	65400
62101	61683
24551	58819
83965	70545
5349	19814
97571	4018
23883	38990
93409	6561
30193	33996
82031	77421
86766	63975
78974	32978
31839	31363
55117	29064
3648	78806
1929	98776
51653	12158
64731	98969
52348	35938
72476	73513
68714	67907
39377	61988
34018	23139
48702	29701
49999	11176
28741	59714
5855	15579
69677	15314
15087	12605
1465	27027
80503	26210
95336	71800
26821	34918
80656	82680
26188	3466
67261	59042
49452	27675
28340	93083
28483	17015
930	5166
55363	6773
94084	19827
37952	37971
63956	21733
1131	61516
40506	68038
64045	53543
73334	45786
64406	34938
8001	13635
32332	25552
62781	17052
42624	58269
15989	77577
21446	47512
17143	99097
71011	79446
34615	25039
40517	483
76298	95895
1485	87904
56176	15404
2028	94343
86313	17674
19008	12591
81523	31924
11064	82403
94650	46701
96504	23426
16492	69310
60119	20317
68546	6623
77413	91241
46954	78561
92894	44873
40004	56544
47173	93953
30760	6277
34661	5855
34593	95685
82681	90334
92258	27148
43906	3593
46751	30737
8546	70862
42616	14961
97224	83378
53340	32811
37180	12862
63086	2440
65793	59479
38451	41723
72624	45009
70589	94763
8482	51899
49630	63686
72780	97536
62496	46848
33403	78710
24417	91437
73388	28165
32474	94663
29095	43618
73782	90264
14056	31955
32644	79007
97982	35602
91181	46058
79587	22137
5871	91997
7280	33204
52491	9603
19858	10424
48173	69449
33100	28244
39121	80924
93485	78414
85855	92945
80645	77633
93003	1824
9911	89122
867	45304
57860	33865
8915	2254
72606	51256
24703	18731
61962	98114
10845	84743
91494	29483
9609	53465
30059	78335
33634	18340
59655	43786
28566	11721
21258	2351
23876	45069
92372	97713
4727	33168
84518	33224
23788	76763
94560	36295
41018	59811
30649	40065
67935	67079
35536	33123
71660	80173
13266	68280
23850	30221
62976	8194
37503	73706
41579	36683
36459	89130
27048	65220
51504	82609
27283	26808
89668	64620
30537	5003
5049	90317
40280	26553
95211	23771
58989	82050
8870	82265
48348	37621
2020	93667
34110	5945
47434	75796
9949	37358
99198	34796
91120	47921
32430	76175
48723	94831
87404	15087
76843	90037
71815	43962
49287	20625
30866	34177
50871	18719
27666	90943
52259	5450
40915	84062
70487	70818
97715	47483
16910	16625
56324	45759
52021	77191
61010	61126
88895	34985
64341	51542
62576	33094
26805	37037
38238	25738
9085	34294
2811	5810
7048	6578
51480	91412
75877	72282
90023	67682
99465	56458
50328	89817
61186	39057
83133	89336
90501	20807
54155	79009
44271	89032
31886	77448
5523	80756
27732	8310
4194	15435
63976	24141
59909	25500
14144	27946
5121	35470
33847	70951
69889	12661
67398	72217
53002	11111
17462	77409
10409	45196
66060	17045
27179	2790
82452	82204
2053	65718
50334	34803
76292	5870
54877	39558
9740	70192
74814	38429
80180	37420
21622	88755
19606	73820
15822	62663
62716	46668
7978	85818
45169	45320
2571	99598
84635	80682
90306	99653
67626	62707
11192	20781
74208	14470
29629	90095
12446	16541
52655	84135
21122	68529
93866	2909
36345	53872
73073	8310
85483	99496
55103	17448
21304	41979
53135	65767
90029	99239
90997	40943
65478	6000
78925	56502
79959	73050
3677	4568
83607	14337
47555	42523
53217	82843
34988	1827
34984	95475
29412	69854
9374	13348
37327	62158
51679	54960
51458	13378
69909	93028
6083	32892
63306	2220
6912	2525
40993	79597
81899	48747
46002	18509
33323	98480
77270	83734
22344	46583
35211	6693
74258	57708
72386	14194
91219	46484
73026	45334
60057	19646
90269	58362
25219	37873
77650	31144
64423	45863
61323	90024
10136	59021
96676	31396
1352	98171
20868	78411
3748	68952
42024	14716
68491	35654
23695	30755
69877	72627
80464	74083
93509	78654
155	44117
67855	87673
60236	39543
34762	78387
46295	13666
37286	51888
17333	47517
78589	83034
53284	35576
87865	40533
3750	79697
34122	97221
90614	96489
62633	80967
21565	51133
70449	74550
57710	39246
91841	51326
33663	78272
44134	50396
79764	58142
36117	12049
7143	65531
77558	9515
4089	13748
73804	16886
65942	59503
30604	99160
52392	9784
83187	88458
79152	86227
63343	95187
30112	22999
74788	7038
15661	17894
88881	34310
81544	1280
74217	5607
94656	45131
63082	49743
12004	27739
30132	57854
58104	24336
89306	86021
36980	25422
26237	65188
55088	70720
14014	7263
32181	84289
97598	80880
92869	41690
11722	54665
36311	12377
76936	50046
37317	64969
29850	41723
95650	19942
41730	19005
89180	75925
63264	5951
84759	10454
49458	50023
85130	73660
61540	44867
68661	27202
86756	82342
97287	71868
46378	59999
57077	8170
84799	90851
78966	74746
44976	1860
16300	64084
88754	10005
48768	84190
10616	38085
53533	73233
63625	91819
44392	1506
3261	61871
48497	17362
61815	37862
35426	65577
7588	10490
84004	22531
3941	24921
74073	10804
17850	2869
41235	70496
90464	7569
8671	4324
45287	33192
49176	42815
78320	50007
77374	25345
62454	47087
34795	58602
19801	54186
87644	1837
47622	38499
79135	8753
1951	55829
72528	8526
71712	5654
8850	95137
35471	60814
12624	52695
39379	57155
4561	94229
67181	38849
80572	58843
55387	61581
16838	20372
52784	95815
20776	2456
35779	39889
66693	28235
98799	24934
87035	93513
72952	76595
69692	10942
97264	5867
94725	50010
55067	62046
49572	36714
70547	41405
31072	70360
66955	84940
80592	17897
36264	64141
36901	80257
60674	38852
67533	97709
82896	7042
89425	76766
33515	92861
262	18186
55016	90563
98964	63732
19433	38417
45419	32751
21961	16468
43311	54658
20537	82266
61393	8554
47222	21247
35899	82553
82002	80438
93768	59964
60087	9654
41531	92897
12613	26879
30554	42576
26878	61059
