6000
5999
52 5901 0.01
78 5483 0.01
83 4181 0.01
89 1836 0.01
643 1314 0.01
959 2341 0.01
1022 2313 0.01
1543 2236 0.01
1950 5772 0.01
2011 1913 0.01
2601 895 0.01
2783 1404 0.01
3110 4540 0.01
3349 1334 0.01
3525 1861 0.01
3596 648 0.01
3767 1085 0.01
4012 3012 0.01
4318 1721 0.01
4450 1041 0.01
4494 2412 0.01
4546 4731 0.01
4817 5303 0.01
5013 1152 0.01
5336 4559 0.01
5594 2289 0.01
5683 2292 0.01
404 2886 0.02
955 3442 0.02
1469 3338 0.02
1485 4530 0.02
2122 1557 0.02
2128 3696 0.02
2543 1515 0.02
2811 3935 0.02
3155 5324 0.02
3314 454 0.02
3476 1025 0.02
3914 2197 0.02
3984 4051 0.02
4329 3044 0.02
4706 3749 0.02
4938 3360 0.02
5349 4465 0.02
5850 1427 0.02
5865 2406 0.02
5954 276 0.02
3 4532 0.03
75 4982 0.03
584 4878 0.03
638 5663 0.03
691 3120 0.03
819 1996 0.03
1166 3965 0.03
1261 1628 0.03
1526 5095 0.03
2217 4756 0.03
2246 1917 0.03
2470 5429 0.03
2504 2 0.03
2584 2554 0.03
2621 5423 0.03
3252 1062 0.03
3527 5014 0.03
3542 1409 0.03
3727 2621 0.03
4026 1129 0.03
4327 4983 0.03
4521 5722 0.03
4618 3497 0.03
4701 5541 0.03
5099 3329 0.03
5270 4109 0.03
5607 3527 0.03
5623 2020 0.03
5632 3868 0.03
5881 5788 0.03
29 440 0.04
109 5595 0.04
333 3188 0.04
571 1423 0.04
614 4549 0.04
751 2936 0.04
809 561 0.04
1198 933 0.04
1236 3242 0.04
1358 670 0.04
1470 3727 0.04
1651 1909 0.04
1785 2444 0.04
2171 4644 0.04
2464 1596 0.04
3033 5103 0.04
3055 4256 0.04
3088 1749 0.04
3233 3656 0.04
3386 2629 0.04
3405 2533 0.04
4497 721 0.04
4658 1694 0.04
5582 3089 0.04
5786 5820 0.04
52 3223 0.05
226 5583 0.05
389 5073 0.05
544 826 0.05
566 1839 0.05
1224 4890 0.05
1228 4464 0.05
2331 1942 0.05
2546 2067 0.05
2792 3303 0.05
2813 2473 0.05
3166 1594 0.05
3394 4187 0.05
3583 1332 0.05
3629 3894 0.05
3946 3513 0.05
4009 5135 0.05
4059 2148 0.05
4281 4651 0.05
4318 2592 0.05
4516 3259 0.05
4556 4698 0.05
4572 3009 0.05
4582 37 0.05
5093 3608 0.05
5156 1995 0.05
85 3691 0.06
928 4154 0.06
1155 5870 0.06
1335 5016 0.06
1758 1513 0.06
1844 477 0.06
2541 251 0.06
2735 1517 0.06
2844 3495 0.06
3082 1885 0.06
3253 1534 0.06
3472 2428 0.06
3617 3009 0.06
3714 3787 0.06
3881 4409 0.06
3944 282 0.06
4232 1047 0.06
4443 1505 0.06
4468 465 0.06
4570 5164 0.06
4905 2423 0.06
5022 4163 0.06
5162 5605 0.06
5335 98 0.06
299 2823 0.07
380 368 0.07
568 5014 0.07
616 1384 0.07
680 4249 0.07
715 93 0.07
781 2642 0.07
1492 5795 0.07
1630 793 0.07
1999 3995 0.07
2240 1614 0.07
2278 4131 0.07
2460 5875 0.07
2841 5977 0.07
2904 5003 0.07
3126 4886 0.07
3331 5158 0.07
3488 830 0.07
3617 1344 0.07
3835 5924 0.07
3846 4939 0.07
4360 4090 0.07
4441 1168 0.07
4572 4036 0.07
4630 5999 0.07
4795 2157 0.07
4992 1711 0.07
5040 674 0.07
5188 2884 0.07
5493 5423 0.07
5860 4087 0.07
111 4038 0.08
400 5133 0.08
654 1669 0.08
1144 828 0.08
1196 5559 0.08
1385 699 0.08
1444 4713 0.08
2400 5252 0.08
2840 5953 0.08
3160 671 0.08
3823 1068 0.08
4047 991 0.08
4306 3582 0.08
4441 1428 0.08
4907 3685 0.08
5136 5226 0.08
5603 2734 0.08
5865 3876 0.08
5925 3457 0.08
75 86 0.09
299 3592 0.09
1416 3315 0.09
1474 5047 0.09
1635 2344 0.09
1730 1746 0.09
1821 4701 0.09
2210 2670 0.09
2217 4969 0.09
2280 1366 0.09
2465 311 0.09
2539 2257 0.09
2995 2382 0.09
3239 145 0.09
3597 4486 0.09
3753 4371 0.09
3772 4985 0.09
4173 5892 0.09
5032 1651 0.09
5078 5335 0.09
5243 4221 0.09
5523 3338 0.09
5649 611 0.09
5872 2556 0.09
5924 3403 0.09
5949 5065 0.09
110 1186 0.1
537 2567 0.1
722 3483 0.1
821 2861 0.1
841 2005 0.1
848 2125 0.1
975 2034 0.1
1376 5148 0.1
1649 2984 0.1
1660 5899 0.1
1711 2585 0.1
1834 5573 0.1
1919 3063 0.1
2011 4976 0.1
2468 5516 0.1
2672 2220 0.1
3417 4045 0.1
3744 5972 0.1
3765 2206 0.1
3789 1480 0.1
3926 5549 0.1
4038 1810 0.1
4654 3311 0.1
4854 3871 0.1
5034 2633 0.1
5656 4201 0.1
578 2073 0.11
734 3857 0.11
1364 3101 0.11
1796 1634 0.11
1967 3477 0.11
2087 322 0.11
2312 96 0.11
2523 125 0.11
2958 2211 0.11
3409 2134 0.11
3620 2855 0.11
3986 5150 0.11
4099 696 0.11
4905 874 0.11
4967 2818 0.11
5531 2486 0.11
255 1394 0.12
315 4557 0.12
429 4144 0.12
831 321 0.12
1223 3069 0.12
1394 4457 0.12
1642 2610 0.12
1668 1821 0.12
1940 3093 0.12
2126 1358 0.12
2824 5571 0.12
3062 2986 0.12
3084 3649 0.12
3234 2126 0.12
3871 1626 0.12
4497 1758 0.12
5212 3372 0.12
5293 5216 0.12
5311 4853 0.12
5516 4664 0.12
5623 1950 0.12
5782 5331 0.12
1184 3192 0.13
1369 3740 0.13
1430 3524 0.13
1583 875 0.13
1902 4265 0.13
2940 3748 0.13
2992 949 0.13
3147 2276 0.13
3649 4170 0.13
3694 4529 0.13
3943 281 0.13
4173 5751 0.13
4309 592 0.13
4362 49 0.13
4665 1970 0.13
5023 195 0.13
5380 5829 0.13
5770 4121 0.13
5935 2963 0.13
1216 5338 0.14
1285 3382 0.14
1441 3431 0.14
2162 5797 0.14
2526 3791 0.14
2529 590 0.14
2994 3397 0.14
3293 978 0.14
4136 4552 0.14
4308 2237 0.14
4376 263 0.14
4762 2528 0.14
5158 1405 0.14
5270 33 0.14
5282 5710 0.14
18 5068 0.15
39 4974 0.15
494 654 0.15
1214 143 0.15
1299 2415 0.15
1494 2892 0.15
1567 2042 0.15
1661 222 0.15
1709 2974 0.15
1735 2054 0.15
1755 5248 0.15
1864 1383 0.15
2332 2339 0.15
2525 1985 0.15
2733 3364 0.15
2898 4573 0.15
2944 3424 0.15
3024 4250 0.15
3120 1226 0.15
3183 3900 0.15
3209 714 0.15
3991 5909 0.15
4069 2113 0.15
5543 5768 0.15
5547 3227 0.15
5949 2189 0.15
1065 1342 0.16
1894 97 0.16
2044 5833 0.16
2671 2404 0.16
3509 794 0.16
3965 1737 0.16
4056 4492 0.16
4142 43 0.16
4208 1311 0.16
4393 1011 0.16
5052 3872 0.16
5062 353 0.16
5079 4292 0.16
5265 2658 0.16
5455 4523 0.16
5496 4579 0.16
5686 3859 0.16
5902 3664 0.16
5969 1241 0.16
149 4753 0.17
155 5027 0.17
659 5439 0.17
751 3309 0.17
802 4182 0.17
932 3207 0.17
1103 3066 0.17
1111 5425 0.17
1420 324 0.17
1748 1056 0.17
1848 1460 0.17
2100 551 0.17
2191 4138 0.17
2237 4451 0.17
2500 1214 0.17
2535 2763 0.17
2624 1587 0.17
3061 58 0.17
3162 3363 0.17
3249 2808 0.17
3299 3633 0.17
3324 1511 0.17
3957 180 0.17
4299 1607 0.17
4482 2287 0.17
4793 727 0.17
4903 3265 0.17
4969 5572 0.17
5033 1652 0.17
164 2131 0.18
183 2514 0.18
204 4842 0.18
590 432 0.18
682 1194 0.18
724 5938 0.18
780 3920 0.18
857 4684 0.18
922 5463 0.18
1058 2552 0.18
1377 5894 0.18
1607 3222 0.18
2612 4516 0.18
2731 1256 0.18
2733 295 0.18
3044 987 0.18
3351 678 0.18
3549 4519 0.18
4272 2487 0.18
4367 3713 0.18
4551 1325 0.18
4650 2000 0.18
4788 1633 0.18
5189 301 0.18
26 1408 0.19
154 3661 0.19
500 3 0.19
894 5821 0.19
1129 3140 0.19
1292 711 0.19
1356 5947 0.19
1393 5834 0.19
1872 3790 0.19
1901 2074 0.19
1917 940 0.19
1960 2951 0.19
2374 2814 0.19
2521 5043 0.19
2754 5351 0.19
2757 5602 0.19
3111 4117 0.19
3270 5323 0.19
3564 4729 0.19
3774 2680 0.19
4047 5821 0.19
4086 2700 0.19
4415 3699 0.19
4516 5150 0.19
4520 3461 0.19
4978 1713 0.19
5354 3753 0.19
5396 5806 0.19
5446 3782 0.19
5535 3206 0.19
5554 5190 0.19
5656 4019 0.19
15 4992 0.2
336 5535 0.2
588 2581 0.2
1081 5007 0.2
1093 5875 0.2
1251 5950 0.2
1400 872 0.2
1434 5278 0.2
1840 4701 0.2
2162 3462 0.2
2656 3461 0.2
2977 5384 0.2
3156 5024 0.2
3408 3633 0.2
3494 5014 0.2
3562 370 0.2
4257 1096 0.2
4764 5020 0.2
4785 24 0.2
5054 1300 0.2
5520 1800 0.2
5568 1937 0.2
119 1014 0.21
521 1157 0.21
691 5461 0.21
706 3003 0.21
715 5592 0.21
936 4242 0.21
1982 302 0.21
2161 825 0.21
2199 224 0.21
2274 3659 0.21
2893 3322 0.21
3747 2895 0.21
4019 1503 0.21
4863 2797 0.21
5103 2923 0.21
5206 1521 0.21
5277 3314 0.21
5556 5030 0.21
5672 4984 0.21
5692 3351 0.21
945 5257 0.22
1401 1589 0.22
1486 5551 0.22
1774 279 0.22
1807 3734 0.22
1893 3206 0.22
2573 5079 0.22
2811 3575 0.22
3131 628 0.22
3362 5950 0.22
3912 1429 0.22
4054 807 0.22
4102 5452 0.22
4401 551 0.22
4574 3798 0.22
4614 4404 0.22
4672 4428 0.22
5031 5628 0.22
5330 1510 0.22
5393 1426 0.22
5675 2794 0.22
1251 5035 0.23
1367 5473 0.23
1377 5858 0.23
1384 2794 0.23
1527 3736 0.23
1548 2159 0.23
1765 4607 0.23
2104 95 0.23
2158 391 0.23
2897 442 0.23
2937 1265 0.23
3084 2301 0.23
3251 4083 0.23
3357 5782 0.23
3679 4161 0.23
3925 1395 0.23
3930 5803 0.23
4148 5987 0.23
4258 3135 0.23
4381 425 0.23
4728 5180 0.23
4896 834 0.23
5267 2711 0.23
5788 3803 0.23
126 4212 0.24
162 3465 0.24
167 4877 0.24
316 271 0.24
400 3405 0.24
575 496 0.24
648 461 0.24
1373 5542 0.24
1618 5111 0.24
1717 5824 0.24
1723 4041 0.24
1862 5404 0.24
1957 163 0.24
2225 4626 0.24
2249 481 0.24
2378 3676 0.24
2897 5695 0.24
2984 372 0.24
3102 2565 0.24
3149 3178 0.24
3586 5561 0.24
3629 513 0.24
3982 1514 0.24
4111 3999 0.24
4639 2806 0.24
5178 2292 0.24
5244 5444 0.24
5322 4574 0.24
5391 805 0.24
5426 3923 0.24
5439 4321 0.24
5575 1759 0.24
5601 5502 0.24
50 1797 0.25
457 2919 0.25
470 2541 0.25
1075 1062 0.25
1096 5900 0.25
1124 1416 0.25
1175 2503 0.25
1273 2360 0.25
1958 3954 0.25
2173 1324 0.25
2490 178 0.25
2606 5168 0.25
2657 905 0.25
3039 5428 0.25
3615 2235 0.25
3866 5935 0.25
3871 3575 0.25
4043 552 0.25
4407 4623 0.25
4414 1118 0.25
4540 2430 0.25
5025 1419 0.25
5107 1612 0.25
5126 2907 0.25
5187 4690 0.25
5276 2387 0.25
5465 3359 0.25
5669 5077 0.25
5676 778 0.25
5739 2149 0.25
5804 5898 0.25
89 1069 0.26
136 5239 0.26
803 3620 0.26
902 1859 0.26
932 1488 0.26
1008 5644 0.26
1026 522 0.26
1493 5015 0.26
1672 1518 0.26
2127 1373 0.26
2337 3 0.26
2535 2655 0.26
3221 4209 0.26
3317 423 0.26
3422 3834 0.26
3699 47 0.26
3796 3001 0.26
3842 3678 0.26
3983 4525 0.26
4742 3494 0.26
4857 222 0.26
5893 3520 0.26
5958 1198 0.26
410 244 0.27
432 3745 0.27
462 2907 0.27
827 4537 0.27
1122 3045 0.27
1206 2555 0.27
1457 486 0.27
1485 735 0.27
1514 1301 0.27
1824 3933 0.27
1961 1367 0.27
2201 1571 0.27
2492 1785 0.27
2732 2194 0.27
2942 5043 0.27
3446 1256 0.27
3450 5254 0.27
3611 330 0.27
3635 5017 0.27
3789 4630 0.27
3984 4631 0.27
4052 4891 0.27
4334 3718 0.27
4697 4793 0.27
4787 2091 0.27
4851 4964 0.27
5133 2565 0.27
5455 1668 0.27
5876 5606 0.27
5946 5351 0.27
312 1368 0.28
406 3939 0.28
486 4788 0.28
919 1992 0.28
947 2030 0.28
1082 187 0.28
1340 5224 0.28
1365 2671 0.28
1475 1145 0.28
2217 4252 0.28
2868 5763 0.28
2880 3744 0.28
3422 363 0.28
3501 2855 0.28
3597 4519 0.28
3605 1040 0.28
3722 1282 0.28
4032 652 0.28
5022 1466 0.28
5132 1657 0.28
5139 746 0.28
5201 5742 0.28
5255 1202 0.28
5435 3533 0.28
5583 45 0.28
5729 2463 0.28
5753 4568 0.28
5760 1230 0.28
1 5379 0.29
699 2866 0.29
727 2284 0.29
1008 2035 0.29
1015 4015 0.29
1203 5429 0.29
1283 5749 0.29
1798 2557 0.29
2004 2543 0.29
2461 4305 0.29
2502 3082 0.29
2584 5941 0.29
3560 2345 0.29
3611 1269 0.29
3614 1564 0.29
3689 5444 0.29
3973 2744 0.29
4079 312 0.29
4176 3927 0.29
4697 5960 0.29
5158 966 0.29
5983 5559 0.29
243 4682 0.3
386 273 0.3
400 2658 0.3
566 1725 0.3
719 261 0.3
935 4663 0.3
1153 2507 0.3
1718 4172 0.3
1917 5773 0.3
2601 4731 0.3
4601 2931 0.3
5116 5858 0.3
5270 339 0.3
5273 1210 0.3
5414 4957 0.3
5658 4397 0.3
5973 3830 0.3
7 3254 0.31
111 3515 0.31
124 2992 0.31
680 4454 0.31
713 2297 0.31
766 4941 0.31
844 4662 0.31
1058 3080 0.31
1065 5072 0.31
1583 4667 0.31
1701 3615 0.31
1813 2667 0.31
1999 4440 0.31
2398 231 0.31
2836 3204 0.31
3059 3673 0.31
3090 5807 0.31
3350 3856 0.31
3741 3055 0.31
3757 4096 0.31
3949 2306 0.31
4527 3802 0.31
4885 84 0.31
5274 856 0.31
5304 3200 0.31
5501 1236 0.31
5655 5394 0.31
5711 4374 0.31
35 708 0.32
351 230 0.32
416 5147 0.32
655 5701 0.32
1236 4084 0.32
1531 4019 0.32
1544 4955 0.32
2176 4068 0.32
2227 4159 0.32
2441 730 0.32
2641 3449 0.32
3145 338 0.32
3241 4613 0.32
3492 5536 0.32
3665 3681 0.32
4106 4491 0.32
4148 436 0.32
4332 949 0.32
4753 3077 0.32
5372 5491 0.32
5459 2589 0.32
5643 1002 0.32
438 1368 0.33
514 1608 0.33
635 4830 0.33
1023 3907 0.33
1089 4750 0.33
1355 4461 0.33
1355 178 0.33
1377 3247 0.33
1639 5277 0.33
1926 5948 0.33
2141 5109 0.33
2178 145 0.33
2271 3829 0.33
2552 3846 0.33
2723 4047 0.33
2768 1693 0.33
2777 2279 0.33
3063 3652 0.33
3293 1519 0.33
3327 2408 0.33
3842 3895 0.33
4137 3825 0.33
4148 458 0.33
4326 5648 0.33
4505 1234 0.33
5102 2668 0.33
5104 1921 0.33
5225 580 0.33
5291 3066 0.33
5365 3490 0.33
5589 3392 0.33
5678 138 0.33
5990 826 0.33
1376 530 0.34
2143 4669 0.34
2200 5895 0.34
3818 1423 0.34
4129 2683 0.34
4227 1157 0.34
4377 4848 0.34
4612 4778 0.34
5464 1881 0.34
5477 4437 0.34
5578 4526 0.34
5669 489 0.34
163 2983 0.35
285 4541 0.35
380 5593 0.35
470 1157 0.35
607 969 0.35
1656 4212 0.35
2060 1753 0.35
2221 1724 0.35
2318 3039 0.35
2432 3071 0.35
2474 1752 0.35
2478 1135 0.35
2600 4263 0.35
2709 2641 0.35
2776 2816 0.35
2931 2423 0.35
3008 4834 0.35
3059 2510 0.35
3166 1150 0.35
3756 2320 0.35
4008 441 0.35
4631 2559 0.35
4673 3682 0.35
5123 2808 0.35
5520 5671 0.35
5689 1381 0.35
5787 757 0.35
201 2200 0.36
713 514 0.36
956 1778 0.36
1043 2482 0.36
1252 1897 0.36
1385 1771 0.36
2898 1411 0.36
2908 2176 0.36
3078 3095 0.36
3159 4514 0.36
3219 4559 0.36
3560 3349 0.36
4078 3860 0.36
4923 1625 0.36
4998 921 0.36
5175 4488 0.36
5410 5291 0.36
5412 5599 0.36
5764 4163 0.36
5833 4043 0.36
88 5362 0.37
259 854 0.37
372 5158 0.37
719 5444 0.37
876 3017 0.37
1187 1643 0.37
2090 4606 0.37
2163 2287 0.37
2206 2978 0.37
2364 5042 0.37
2577 642 0.37
2949 4795 0.37
2976 5462 0.37
3184 5194 0.37
3424 3989 0.37
3484 2877 0.37
3567 225 0.37
3637 614 0.37
3939 2477 0.37
3965 108 0.37
4270 3419 0.37
4304 550 0.37
4647 5244 0.37
4782 1784 0.37
5053 3610 0.37
5266 4773 0.37
5781 5862 0.37
5880 2936 0.37
503 4073 0.38
629 3343 0.38
1151 2237 0.38
1162 3322 0.38
1391 4725 0.38
1620 2136 0.38
1700 1111 0.38
1759 1874 0.38
1846 5209 0.38
2074 5437 0.38
2114 5661 0.38
2221 5546 0.38
2808 4874 0.38
2849 741 0.38
2968 5467 0.38
3204 3361 0.38
3273 4902 0.38
3838 1704 0.38
4244 484 0.38
4436 2694 0.38
4624 1417 0.38
4639 2824 0.38
4792 3726 0.38
4921 3356 0.38
5172 3887 0.38
5483 1494 0.38
5872 5335 0.38
340 635 0.39
1183 2424 0.39
1505 3114 0.39
1537 3578 0.39
1636 1493 0.39
1702 988 0.39
1826 269 0.39
2232 4822 0.39
2699 869 0.39
2825 5307 0.39
3114 4215 0.39
3150 4207 0.39
3368 2312 0.39
3539 1743 0.39
3801 2897 0.39
3810 3693 0.39
3814 3326 0.39
4192 2636 0.39
4227 4042 0.39
4275 2377 0.39
4927 5327 0.39
4975 5294 0.39
5059 1675 0.39
5115 752 0.39
5401 3936 0.39
5964 83 0.39
211 1364 0.4
943 704 0.4
1282 4040 0.4
1434 4542 0.4
1782 5421 0.4
1887 2184 0.4
1979 4278 0.4
2103 4779 0.4
2508 4148 0.4
2551 1382 0.4
2642 5253 0.4
3726 3317 0.4
3887 760 0.4
4236 1496 0.4
4275 5479 0.4
4282 2800 0.4
4525 4426 0.4
4527 4354 0.4
4602 3166 0.4
4612 4627 0.4
4816 1740 0.4
5181 2311 0.4
5372 2200 0.4
5982 2264 0.4
415 3151 0.41
570 4300 0.41
1111 5432 0.41
1287 2021 0.41
1405 1909 0.41
1653 3341 0.41
1813 119 0.41
1873 2146 0.41
1980 4380 0.41
2434 5065 0.41
2652 3971 0.41
2684 5963 0.41
3330 270 0.41
3361 5325 0.41
4595 3398 0.41
4656 4050 0.41
4708 581 0.41
5901 3260 0.41
26 1404 0.42
467 2916 0.42
524 5722 0.42
533 2184 0.42
907 3248 0.42
1383 1763 0.42
1777 1430 0.42
2010 4252 0.42
2124 777 0.42
2330 1907 0.42
2632 1726 0.42
2870 5504 0.42
3033 650 0.42
3120 1604 0.42
3131 5462 0.42
3195 2860 0.42
4144 1310 0.42
4593 2616 0.42
4744 2355 0.42
5245 4774 0.42
5382 591 0.42
5589 1610 0.42
5798 5589 0.42
397 3680 0.43
549 5085 0.43
1575 3218 0.43
1595 1064 0.43
1725 4805 0.43
1865 1883 0.43
1896 1503 0.43
1930 1916 0.43
1936 1484 0.43
1952 3346 0.43
2007 2511 0.43
2187 2850 0.43
2506 5608 0.43
2556 894 0.43
2975 5771 0.43
3350 5541 0.43
3441 3779 0.43
4242 4741 0.43
4473 4192 0.43
4486 2230 0.43
4571 5269 0.43
5251 1528 0.43
147 470 0.44
257 1788 0.44
454 101 0.44
744 5906 0.44
802 4793 0.44
932 803 0.44
1063 1867 0.44
1207 860 0.44
1516 2379 0.44
2617 1030 0.44
2878 3027 0.44
3217 2499 0.44
3313 1982 0.44
3697 4826 0.44
3852 4422 0.44
4171 2869 0.44
4661 1797 0.44
5165 665 0.44
5222 4043 0.44
5456 1699 0.44
5698 4700 0.44
165 390 0.45
186 3355 0.45
276 1579 0.45
903 3222 0.45
1930 2397 0.45
2161 871 0.45
2422 418 0.45
2486 4004 0.45
2988 3570 0.45
3041 3034 0.45
3196 3857 0.45
3256 1859 0.45
3256 1921 0.45
3281 505 0.45
3575 1131 0.45
3590 5112 0.45
4089 865 0.45
4104 976 0.45
4175 123 0.45
4185 5078 0.45
4827 1687 0.45
4849 3709 0.45
4893 3831 0.45
4957 3179 0.45
5345 4500 0.45
5432 3054 0.45
5449 3518 0.45
5696 1653 0.45
5804 3537 0.45
558 4552 0.46
826 5084 0.46
826 1426 0.46
1287 5724 0.46
1414 3875 0.46
1545 5997 0.46
2840 640 0.46
3198 5102 0.46
3400 5764 0.46
3647 5327 0.46
3671 4312 0.46
3782 172 0.46
4435 2579 0.46
4759 1012 0.46
5187 1800 0.46
5945 4165 0.46
33 4219 0.47
58 5336 0.47
871 1035 0.47
1114 3042 0.47
1844 817 0.47
1900 5043 0.47
2174 2206 0.47
3372 565 0.47
3809 1290 0.47
4161 1053 0.47
4394 3251 0.47
4580 3145 0.47
4633 4156 0.47
4634 705 0.47
4732 2589 0.47
5275 2703 0.47
5366 1935 0.47
5752 5782 0.47
100 755 0.48
218 281 0.48
588 452 0.48
744 4264 0.48
864 5494 0.48
889 4859 0.48
948 1809 0.48
1207 5310 0.48
1332 764 0.48
1332 2830 0.48
1436 3929 0.48
1725 333 0.48
2030 5928 0.48
2058 4918 0.48
2060 3523 0.48
2262 547 0.48
3060 1663 0.48
3331 4540 0.48
3438 2564 0.48
4139 93 0.48
4203 1569 0.48
4285 5359 0.48
4334 5575 0.48
4724 5240 0.48
4735 902 0.48
4881 2186 0.48
4905 4359 0.48
4921 2842 0.48
4991 5389 0.48
5570 5499 0.48
5774 5804 0.48
213 1635 0.49
462 375 0.49
972 3117 0.49
1259 2365 0.49
1950 4433 0.49
1982 115 0.49
3211 4576 0.49
3397 2565 0.49
3536 5259 0.49
3616 2822 0.49
3620 4987 0.49
3656 5272 0.49
3900 178 0.49
4079 5545 0.49
4178 977 0.49
4491 880 0.49
4503 2328 0.49
4745 4849 0.49
5129 4861 0.49
5204 3620 0.49
5325 5461 0.49
5497 2729 0.49
5944 2515 0.49
78 5552 0.5
495 5526 0.5
650 4669 0.5
984 140 0.5
1008 2998 0.5
1144 1015 0.5
1220 2100 0.5
1353 5677 0.5
1368 4663 0.5
2388 1041 0.5
2480 3169 0.5
2606 4439 0.5
2913 4849 0.5
3019 2819 0.5
3708 4884 0.5
3827 3488 0.5
4145 4200 0.5
4162 5575 0.5
4165 1188 0.5
4390 4914 0.5
4474 659 0.5
4791 3883 0.5
4813 1775 0.5
5071 3000 0.5
5120 1952 0.5
5244 5472 0.5
5382 670 0.5
5585 1616 0.5
5772 4806 0.5
340 2828 0.51
429 4826 0.51
781 3412 0.51
878 4745 0.51
1091 3489 0.51
1223 571 0.51
1673 1830 0.51
1701 4946 0.51
1731 4011 0.51
2430 4495 0.51
2660 3282 0.51
3088 3612 0.51
3416 644 0.51
3657 3126 0.51
4033 1045 0.51
4392 3902 0.51
4505 2066 0.51
4808 1271 0.51
4835 1718 0.51
4916 1857 0.51
4990 5893 0.51
5020 4844 0.51
5722 1370 0.51
5767 2780 0.51
408 2516 0.52
586 4375 0.52
648 971 0.52
756 3606 0.52
847 4505 0.52
1295 3336 0.52
1542 1845 0.52
1764 2521 0.52
1791 4689 0.52
2286 2573 0.52
2560 12 0.52
2570 1700 0.52
2804 5050 0.52
3109 2163 0.52
3371 3689 0.52
3397 3852 0.52
3667 3019 0.52
3702 4223 0.52
4826 3107 0.52
4855 1956 0.52
5333 4606 0.52
347 1262 0.53
417 4013 0.53
753 5246 0.53
977 5343 0.53
1356 3949 0.53
1530 3679 0.53
1657 29 0.53
1752 5331 0.53
1872 1039 0.53
2773 128 0.53
3193 979 0.53
3995 1896 0.53
4377 1333 0.53
4712 5169 0.53
4750 1237 0.53
5010 1596 0.53
5242 2146 0.53
5565 1987 0.53
5654 2261 0.53
83 2338 0.54
166 2493 0.54
426 1832 0.54
760 495 0.54
804 1125 0.54
1032 3112 0.54
1361 4460 0.54
1379 4110 0.54
1756 2896 0.54
2920 3932 0.54
3088 4199 0.54
3502 5389 0.54
3614 2746 0.54
4009 3289 0.54
4108 1396 0.54
4136 2371 0.54
4501 5673 0.54
5092 4392 0.54
5339 2497 0.54
5665 5051 0.54
5896 2515 0.54
5995 3257 0.54
23 5387 0.55
535 5423 0.55
945 5022 0.55
1064 3554 0.55
1106 3352 0.55
1291 4996 0.55
1350 5225 0.55
1501 4138 0.55
1540 2391 0.55
1585 780 0.55
1759 5276 0.55
1974 5302 0.55
2202 5981 0.55
2305 2961 0.55
2358 5617 0.55
2802 1199 0.55
2822 322 0.55
2946 4263 0.55
3118 4267 0.55
4143 2760 0.55
4328 2051 0.55
4473 593 0.55
4575 4604 0.55
4739 5446 0.55
5028 4698 0.55
5412 771 0.55
5765 1544 0.55
951 2168 0.56
1256 5862 0.56
1582 466 0.56
1660 2773 0.56
1900 467 0.56
2239 851 0.56
2935 4775 0.56
3019 3398 0.56
3040 1835 0.56
3353 4870 0.56
3468 3027 0.56
3571 3219 0.56
3579 895 0.56
3639 2038 0.56
3697 1034 0.56
3782 3623 0.56
3786 5612 0.56
3911 2957 0.56
4076 5757 0.56
4624 5255 0.56
5251 4917 0.56
5521 77 0.56
5915 96 0.56
113 1944 0.57
233 3981 0.57
279 5719 0.57
575 1720 0.57
1015 1682 0.57
2464 1771 0.57
2518 1281 0.57
2840 4303 0.57
2866 2194 0.57
2946 2445 0.57
3389 692 0.57
3827 140 0.57
4504 5053 0.57
5014 1668 0.57
5109 2605 0.57
5234 3927 0.57
5241 4246 0.57
5261 5147 0.57
5326 5602 0.57
5480 1152 0.57
5801 4439 0.57
5853 170 0.57
5871 1811 0.57
5965 4411 0.57
249 3348 0.58
339 128 0.58
361 1497 0.58
571 1391 0.58
1111 4551 0.58
1334 1141 0.58
1480 3857 0.58
1740 1447 0.58
1986 5048 0.58
2227 2881 0.58
2308 1830 0.58
2507 416 0.58
2540 4507 0.58
2751 2336 0.58
2886 3567 0.58
3316 5469 0.58
3376 2183 0.58
3403 2512 0.58
3838 2718 0.58
4332 860 0.58
4416 5737 0.58
4458 5421 0.58
4493 5701 0.58
4689 704 0.58
5991 2696 0.58
89 4177 0.59
286 3888 0.59
434 1089 0.59
619 5863 0.59
836 5484 0.59
1522 4687 0.59
1625 2407 0.59
1952 4023 0.59
2036 4795 0.59
2158 357 0.59
2348 2663 0.59
2607 3579 0.59
2670 3105 0.59
3130 1073 0.59
3756 233 0.59
3806 1831 0.59
4175 3922 0.59
4412 3055 0.59
4493 4390 0.59
5270 2416 0.59
5760 3851 0.59
33 4875 0.6
176 1492 0.6
286 112 0.6
427 4812 0.6
669 5087 0.6
849 1323 0.6
1001 4762 0.6
1023 2777 0.6
1158 5841 0.6
1267 4785 0.6
1277 5083 0.6
1363 1765 0.6
1935 1821 0.6
1960 2386 0.6
2108 895 0.6
2158 2604 0.6
2366 17 0.6
2635 5991 0.6
2700 1322 0.6
2857 5667 0.6
2899 5547 0.6
3945 1833 0.6
4840 725 0.6
4906 1420 0.6
5239 330 0.6
5286 1086 0.6
5417 2442 0.6
5481 2966 0.6
5645 4562 0.6
5689 4083 0.6
5736 625 0.6
5911 5316 0.6
54 5095 0.61
139 2674 0.61
233 1835 0.61
445 2411 0.61
2115 2993 0.61
2721 4257 0.61
2780 5884 0.61
3481 3344 0.61
3929 674 0.61
4362 2927 0.61
5363 1120 0.61
5399 899 0.61
5563 3291 0.61
5899 328 0.61
17 734 0.62
454 1795 0.62
506 3294 0.62
777 2911 0.62
797 4818 0.62
1045 1520 0.62
1170 1978 0.62
1172 2764 0.62
1658 4954 0.62
2118 1025 0.62
2939 2466 0.62
3015 3572 0.62
3038 232 0.62
3093 5163 0.62
3185 3098 0.62
3250 5063 0.62
3368 3452 0.62
3687 1163 0.62
3762 284 0.62
4065 2358 0.62
4295 3285 0.62
4794 5890 0.62
4884 1765 0.62
4940 1664 0.62
5309 5936 0.62
5975 1699 0.62
5976 4244 0.62
1611 5619 0.63
1613 4143 0.63
1645 4969 0.63
2015 2415 0.63
2343 3647 0.63
2914 422 0.63
2917 2891 0.63
3134 4124 0.63
3297 2917 0.63
4139 4723 0.63
4386 5822 0.63
4549 4480 0.63
4574 2958 0.63
4801 275 0.63
4971 1889 0.63
5171 4942 0.63
5217 1569 0.63
5568 3280 0.63
5641 769 0.63
5668 1313 0.63
5803 1850 0.63
128 405 0.64
318 1859 0.64
349 1717 0.64
875 3389 0.64
961 1156 0.64
1011 3940 0.64
1108 878 0.64
1120 3861 0.64
1277 4516 0.64
1691 5506 0.64
2173 3094 0.64
2408 500 0.64
2562 3936 0.64
2576 4677 0.64
2743 1692 0.64
2765 422 0.64
2797 1445 0.64
2934 4758 0.64
3040 2127 0.64
3343 2339 0.64
4053 5185 0.64
4497 1850 0.64
4631 4192 0.64
5068 860 0.64
5445 3698 0.64
5582 896 0.64
5733 1207 0.64
5857 526 0.64
5944 985 0.64
5971 1844 0.64
15 326 0.65
104 3007 0.65
235 5612 0.65
348 2585 0.65
511 237 0.65
897 4727 0.65
969 5590 0.65
987 1027 0.65
1293 1915 0.65
1441 5272 0.65
1711 3783 0.65
1793 1057 0.65
1866 5957 0.65
2207 3725 0.65
2310 315 0.65
2484 5296 0.65
2524 4861 0.65
3643 3480 0.65
4071 4585 0.65
4387 5027 0.65
4545 3029 0.65
4673 2993 0.65
4732 4907 0.65
4734 4974 0.65
5190 639 0.65
5204 5435 0.65
5348 2796 0.65
5756 3036 0.65
5964 5968 0.65
233 4911 0.66
272 5666 0.66
516 163 0.66
680 5141 0.66
1200 3067 0.66
1207 5527 0.66
1297 5821 0.66
1345 2939 0.66
1882 1362 0.66
2936 2354 0.66
4121 780 0.66
4167 3264 0.66
4837 2166 0.66
4918 4715 0.66
5157 2479 0.66
5408 3571 0.66
5972 5568 0.66
59 530 0.67
346 3459 0.67
429 4975 0.67
521 4145 0.67
540 844 0.67
2067 171 0.67
2304 5435 0.67
2427 5264 0.67
2903 5868 0.67
3733 583 0.67
3890 5512 0.67
3979 1779 0.67
4102 772 0.67
4751 2765 0.67
4765 4417 0.67
4839 4880 0.67
5070 5646 0.67
5231 5839 0.67
5520 4447 0.67
5526 3292 0.67
381 3932 0.68
427 1807 0.68
573 628 0.68
994 3320 0.68
1326 2389 0.68
1356 4125 0.68
1947 5367 0.68
1981 5103 0.68
2379 3074 0.68
2424 3851 0.68
2698 3801 0.68
2985 1092 0.68
3415 5257 0.68
3709 417 0.68
3932 4764 0.68
3990 3427 0.68
4604 2348 0.68
4814 5359 0.68
4869 3791 0.68
4918 3479 0.68
5028 3254 0.68
5278 4168 0.68
5526 3557 0.68
36 729 0.69
406 5904 0.69
408 2989 0.69
493 5501 0.69
613 362 0.69
984 2232 0.69
1448 717 0.69
1471 4124 0.69
1707 83 0.69
1849 3111 0.69
2095 1368 0.69
2592 105 0.69
2768 4832 0.69
3060 5818 0.69
3176 2174 0.69
3367 3516 0.69
3622 5383 0.69
3734 420 0.69
4117 3257 0.69
4206 4968 0.69
4396 1537 0.69
4595 3650 0.69
4685 4329 0.69
4755 3136 0.69
5193 5791 0.69
5433 1564 0.69
5637 3244 0.69
5968 2241 0.69
267 1625 0.7
359 5079 0.7
428 1618 0.7
433 764 0.7
449 1393 0.7
585 5312 0.7
881 1504 0.7
1157 4471 0.7
1193 3390 0.7
1502 3976 0.7
1749 5707 0.7
2195 4144 0.7
2437 3744 0.7
2584 2290 0.7
2686 5258 0.7
3424 355 0.7
3581 5448 0.7
3700 4642 0.7
4263 3779 0.7
4628 997 0.7
4688 2767 0.7
4933 3600 0.7
4984 2241 0.7
5067 5129 0.7
5124 1994 0.7
5157 3609 0.7
5242 4275 0.7
5592 3945 0.7
5666 3512 0.7
7 4853 0.71
437 4384 0.71
593 4542 0.71
659 4543 0.71
661 1947 0.71
980 3801 0.71
1490 3590 0.71
1534 1475 0.71
1672 5466 0.71
1824 2377 0.71
2182 2871 0.71
3070 4752 0.71
3417 3188 0.71
3452 4797 0.71
3731 13 0.71
4057 530 0.71
4421 2960 0.71
4507 596 0.71
4879 5963 0.71
5423 3802 0.71
5579 3159 0.71
5657 1863 0.71
5846 1369 0.71
5913 2884 0.71
5928 5228 0.71
376 3884 0.72
442 3635 0.72
770 5655 0.72
1139 1404 0.72
1285 5622 0.72
1316 2717 0.72
1343 3945 0.72
1438 3678 0.72
1513 5407 0.72
1535 163 0.72
2050 2689 0.72
2229 3722 0.72
2296 1848 0.72
2595 3759 0.72
3058 4964 0.72
3242 510 0.72
3383 2641 0.72
3588 3096 0.72
3842 344 0.72
3951 4143 0.72
4059 5148 0.72
4201 5644 0.72
4496 4111 0.72
4771 2458 0.72
4791 5545 0.72
5068 2921 0.72
5325 4229 0.72
5353 3691 0.72
5922 4533 0.72
210 478 0.73
257 4758 0.73
585 5910 0.73
766 4975 0.73
1424 1246 0.73
1462 4433 0.73
2123 2930 0.73
2752 3609 0.73
3727 872 0.73
3863 5013 0.73
4153 5025 0.73
4196 1016 0.73
4273 1862 0.73
4463 5781 0.73
4486 956 0.73
4689 4660 0.73
5141 3771 0.73
5326 673 0.73
5610 4093 0.73
80 3958 0.74
95 1844 0.74
160 5427 0.74
351 4814 0.74
778 167 0.74
1021 4227 0.74
1350 898 0.74
1464 3846 0.74
1525 3894 0.74
1605 3292 0.74
1926 3666 0.74
2227 1471 0.74
2350 1025 0.74
3051 2281 0.74
3482 4086 0.74
3493 5602 0.74
3582 3527 0.74
3722 1109 0.74
3873 2497 0.74
4289 2568 0.74
4338 5083 0.74
4371 5299 0.74
4837 5225 0.74
5265 1102 0.74
5271 5716 0.74
5635 825 0.74
5680 4358 0.74
5909 4221 0.74
5930 3343 0.74
219 4941 0.75
320 5930 0.75
926 5632 0.75
985 4466 0.75
1071 5114 0.75
1116 4346 0.75
1542 4743 0.75
1905 2241 0.75
1961 3072 0.75
1974 3552 0.75
2025 3391 0.75
2236 508 0.75
2252 3472 0.75
2254 2544 0.75
2678 2787 0.75
3096 1872 0.75
3567 2464 0.75
4080 2420 0.75
4484 3951 0.75
4489 1065 0.75
4523 5404 0.75
4904 3552 0.75
4962 4378 0.75
5020 334 0.75
5186 1154 0.75
5352 1258 0.75
5456 2605 0.75
5504 4513 0.75
5511 267 0.75
67 29 0.76
717 1406 0.76
984 955 0.76
1327 59 0.76
1644 2182 0.76
1728 5403 0.76
1903 3495 0.76
1975 4194 0.76
2210 3656 0.76
2273 708 0.76
2414 5772 0.76
2499 1872 0.76
2563 2590 0.76
3011 5724 0.76
3394 1198 0.76
3405 2652 0.76
3664 569 0.76
4292 4715 0.76
4502 3262 0.76
4586 2636 0.76
4613 5221 0.76
4718 4399 0.76
4887 2392 0.76
5072 1945 0.76
5084 82 0.76
5378 4528 0.76
5393 4376 0.76
323 4029 0.77
1975 1669 0.77
2109 5581 0.77
2245 3078 0.77
2439 3296 0.77
2652 659 0.77
3158 2453 0.77
3412 2930 0.77
3491 1622 0.77
3844 4126 0.77
4293 5681 0.77
4472 28 0.77
4674 5481 0.77
4842 3427 0.77
5391 3828 0.77
5456 3408 0.77
5630 5270 0.77
5821 2655 0.77
5872 2314 0.77
169 1123 0.78
180 2061 0.78
182 4863 0.78
569 3257 0.78
659 929 0.78
683 5900 0.78
711 4462 0.78
735 1790 0.78
1490 1827 0.78
1866 1706 0.78
1887 4113 0.78
2221 825 0.78
2627 3150 0.78
3005 788 0.78
3272 1191 0.78
4514 2313 0.78
4625 4690 0.78
4770 1281 0.78
4980 1705 0.78
5119 5077 0.78
5935 3774 0.78
69 2366 0.79
101 5422 0.79
132 612 0.79
754 5919 0.79
814 2399 0.79
995 3878 0.79
1010 4764 0.79
1118 5535 0.79
1314 41 0.79
1895 5956 0.79
2132 2804 0.79
2145 3455 0.79
2726 5728 0.79
2960 289 0.79
3256 155 0.79
3905 3141 0.79
3917 3169 0.79
3952 5242 0.79
4059 4767 0.79
5103 2486 0.79
5334 3767 0.79
5568 1833 0.79
5587 2084 0.79
5667 3578 0.79
5725 811 0.79
5918 195 0.79
303 1626 0.8
328 2993 0.8
602 4198 0.8
1207 2228 0.8
1341 1938 0.8
1542 4901 0.8
1564 4850 0.8
2070 1209 0.8
2146 4743 0.8
2400 4152 0.8
3369 5417 0.8
3553 5616 0.8
3563 1592 0.8
3785 1448 0.8
4572 370 0.8
5117 1730 0.8
5126 2033 0.8
5272 3393 0.8
5678 885 0.8
5804 4890 0.8
72 5003 0.81
80 4717 0.81
699 1438 0.81
740 379 0.81
844 3246 0.81
1189 2500 0.81
1241 3385 0.81
1275 3800 0.81
1720 793 0.81
2284 5519 0.81
2340 5693 0.81
2907 2750 0.81
2972 2728 0.81
3282 890 0.81
3777 2225 0.81
3911 5206 0.81
3968 4458 0.81
3990 2140 0.81
4382 3112 0.81
4422 4668 0.81
4433 1130 0.81
4696 2459 0.81
4714 4134 0.81
4923 470 0.81
5271 2405 0.81
5495 1490 0.81
5809 3674 0.81
56 2892 0.82
99 1326 0.82
380 430 0.82
1071 2200 0.82
1322 3044 0.82
1911 874 0.82
2295 1721 0.82
2346 1902 0.82
2741 3877 0.82
3058 1895 0.82
3219 313 0.82
3617 2502 0.82
3828 1107 0.82
4024 762 0.82
4051 1721 0.82
4114 987 0.82
4293 4669 0.82
4459 379 0.82
4466 3676 0.82
4675 3663 0.82
5281 2977 0.82
5630 713 0.82
33 832 0.83
141 1864 0.83
260 4883 0.83
316 1180 0.83
433 1571 0.83
909 214 0.83
1283 2895 0.83
1295 301 0.83
1508 1799 0.83
1555 3399 0.83
1683 2460 0.83
1765 2182 0.83
1777 951 0.83
1790 4845 0.83
2033 337 0.83
2145 1751 0.83
2374 1987 0.83
2624 1014 0.83
2648 714 0.83
2757 483 0.83
3946 2037 0.83
4164 149 0.83
4273 5702 0.83
4831 2221 0.83
4885 5165 0.83
5350 2600 0.83
5367 2698 0.83
5563 813 0.83
5654 361 0.83
5883 871 0.83
422 4224 0.84
585 2802 0.84
852 656 0.84
1418 3552 0.84
1619 1719 0.84
2314 898 0.84
2509 4853 0.84
3008 1752 0.84
3122 4822 0.84
3518 1362 0.84
4398 1639 0.84
4733 4198 0.84
4748 3485 0.84
5129 1431 0.84
5179 5191 0.84
5212 611 0.84
5371 3696 0.84
5501 3581 0.84
5567 1178 0.84
5826 2340 0.84
5927 4843 0.84
143 2794 0.85
1189 2679 0.85
1573 165 0.85
1585 1397 0.85
1775 5202 0.85
1810 4925 0.85
2144 2986 0.85
2345 1055 0.85
2357 1995 0.85
2753 1999 0.85
2797 5524 0.85
2820 3221 0.85
2856 3927 0.85
2861 673 0.85
3117 5514 0.85
3136 4376 0.85
3161 3557 0.85
3693 301 0.85
3758 3667 0.85
3795 3651 0.85
3936 3833 0.85
3999 4170 0.85
4082 3631 0.85
4306 2926 0.85
4553 4471 0.85
4996 2209 0.85
5272 4569 0.85
5278 4425 0.85
5385 4988 0.85
5718 5366 0.85
5798 721 0.85
5839 1823 0.85
5927 1225 0.85
418 791 0.86
456 4773 0.86
495 3946 0.86
691 5006 0.86
719 3173 0.86
783 23 0.86
817 2690 0.86
829 4795 0.86
1456 992 0.86
1778 5158 0.86
1833 3908 0.86
1916 3 0.86
1949 5149 0.86
2505 677 0.86
2561 986 0.86
2651 1998 0.86
3083 3289 0.86
3086 1852 0.86
3722 4608 0.86
3740 5188 0.86
4259 1838 0.86
4568 5683 0.86
4639 1002 0.86
4829 1761 0.86
4866 5868 0.86
4942 2744 0.86
5257 700 0.86
5290 2501 0.86
35 4975 0.87
140 4239 0.87
823 5735 0.87
832 760 0.87
1173 5708 0.87
1246 4871 0.87
1448 98 0.87
1494 1899 0.87
1871 3531 0.87
1915 2123 0.87
1969 3707 0.87
2100 3561 0.87
2210 1787 0.87
2998 4719 0.87
3101 1687 0.87
3204 2750 0.87
3316 2183 0.87
3598 5374 0.87
3634 1282 0.87
3659 2721 0.87
4051 4308 0.87
4176 2584 0.87
4683 4220 0.87
4825 3258 0.87
4982 321 0.87
5212 3686 0.87
5630 1831 0.87
5924 3023 0.87
197 4931 0.88
369 1636 0.88
1058 3898 0.88
1433 2007 0.88
1650 1118 0.88
1796 2621 0.88
1966 974 0.88
1967 1232 0.88
2044 5751 0.88
2291 5115 0.88
2427 5852 0.88
2589 4384 0.88
3724 1518 0.88
3846 1843 0.88
3868 1664 0.88
4322 2636 0.88
4487 4364 0.88
4755 2190 0.88
5625 2714 0.88
5666 3829 0.88
5818 1855 0.88
60 414 0.89
124 2023 0.89
168 558 0.89
255 2603 0.89
671 1914 0.89
1147 1362 0.89
1320 4694 0.89
1368 3567 0.89
1569 4407 0.89
1652 1713 0.89
1790 2209 0.89
1926 1430 0.89
2147 1407 0.89
2164 5186 0.89
2198 5971 0.89
2215 976 0.89
2467 3609 0.89
2478 4260 0.89
2683 3879 0.89
3174 1110 0.89
3463 1404 0.89
3833 5446 0.89
3976 5407 0.89
4124 1764 0.89
4126 400 0.89
4483 4558 0.89
4707 475 0.89
5436 5603 0.89
5547 819 0.89
5645 3128 0.89
5661 1475 0.89
5709 4710 0.89
5771 4176 0.89
5841 2002 0.89
5884 4582 0.89
5979 4261 0.89
50 3407 0.9
124 2420 0.9
645 1304 0.9
988 249 0.9
1171 5620 0.9
1231 2026 0.9
1614 1267 0.9
1824 2204 0.9
2023 5119 0.9
2254 2111 0.9
2422 4519 0.9
2683 2751 0.9
2735 5311 0.9
3157 5634 0.9
3166 3762 0.9
3207 1350 0.9
3310 1644 0.9
3704 5563 0.9
4170 4556 0.9
4300 3784 0.9
4370 3424 0.9
4883 1703 0.9
5393 1906 0.9
5451 2730 0.9
5530 5336 0.9
5699 3461 0.9
5919 5554 0.9
48 2434 0.91
132 5772 0.91
370 2551 0.91
382 3634 0.91
455 2777 0.91
482 5196 0.91
809 5609 0.91
924 5644 0.91
1232 939 0.91
1661 4175 0.91
1989 2565 0.91
2096 4256 0.91
2246 2637 0.91
2437 409 0.91
2557 4901 0.91
2649 2994 0.91
2980 5641 0.91
3117 4151 0.91
3282 5881 0.91
3369 2171 0.91
3633 4893 0.91
3661 4922 0.91
3756 5662 0.91
3814 5265 0.91
3942 4977 0.91
4002 752 0.91
4058 3051 0.91
4287 2577 0.91
4822 620 0.91
5233 174 0.91
5405 1691 0.91
5685 3550 0.91
777 4000 0.92
992 2526 0.92
1210 2643 0.92
1250 2900 0.92
1481 257 0.92
1638 739 0.92
1967 631 0.92
2169 5197 0.92
2250 2404 0.92
2366 5594 0.92
2489 1727 0.92
2503 5310 0.92
2517 521 0.92
2594 1824 0.92
3012 3159 0.92
3220 2281 0.92
3303 1466 0.92
3647 3311 0.92
3786 3074 0.92
3929 1992 0.92
4401 1725 0.92
4503 3075 0.92
4558 3659 0.92
4595 1388 0.92
4710 1075 0.92
4761 3702 0.92
4885 2513 0.92
5157 1938 0.92
5626 2178 0.92
5852 1239 0.92
5925 149 0.92
102 3575 0.93
395 332 0.93
543 3620 0.93
925 4026 0.93
980 4557 0.93
1018 2975 0.93
1193 3758 0.93
1273 5445 0.93
1395 2473 0.93
1447 5850 0.93
1546 3175 0.93
1728 709 0.93
1772 372 0.93
1815 690 0.93
2288 3391 0.93
2573 4102 0.93
2823 1875 0.93
3300 2703 0.93
3314 4096 0.93
3496 2338 0.93
3568 5415 0.93
3672 2459 0.93
3812 3073 0.93
3958 1416 0.93
4491 3414 0.93
4507 5108 0.93
5074 1000 0.93
5287 5937 0.93
5349 800 0.93
5356 2619 0.93
5870 1271 0.93
5870 2175 0.93
5889 2729 0.93
656 3082 0.94
992 3300 0.94
1685 3090 0.94
1698 5242 0.94
1714 1280 0.94
1830 2876 0.94
1942 549 0.94
2355 2541 0.94
2902 3920 0.94
3119 954 0.94
3162 5236 0.94
3423 748 0.94
4026 5283 0.94
4255 3853 0.94
4523 63 0.94
5109 3393 0.94
5506 4972 0.94
5740 3003 0.94
5821 4697 0.94
227 2587 0.95
605 5123 0.95
920 1188 0.95
972 5954 0.95
989 4791 0.95
1042 1594 0.95
1230 2019 0.95
1575 2170 0.95
1686 5309 0.95
2461 2712 0.95
2473 811 0.95
2595 3610 0.95
2708 2312 0.95
2742 861 0.95
2902 4857 0.95
2976 3780 0.95
3004 4024 0.95
3390 423 0.95
3507 2898 0.95
3619 3191 0.95
3942 542 0.95
4311 3216 0.95
4993 2216 0.95
5154 5541 0.95
5553 4173 0.95
5750 5666 0.95
525 1942 0.96
653 3211 0.96
786 5740 0.96
793 2771 0.96
1259 4383 0.96
1309 2078 0.96
1678 2092 0.96
1745 206 0.96
2027 31 0.96
2623 1905 0.96
2637 4744 0.96
3276 671 0.96
3294 811 0.96
3801 3304 0.96
3917 830 0.96
3938 3741 0.96
4208 5535 0.96
4255 1610 0.96
5027 3715 0.96
5232 5947 0.96
5541 1118 0.96
5735 5087 0.96
132 1561 0.97
197 3051 0.97
223 1578 0.97
337 4396 0.97
499 5587 0.97
536 5552 0.97
640 885 0.97
773 5550 0.97
785 1936 0.97
1189 4828 0.97
1786 5074 0.97
1861 3741 0.97
1994 4496 0.97
2781 1405 0.97
2908 3960 0.97
2916 2665 0.97
3372 2086 0.97
3953 2345 0.97
4085 4653 0.97
4210 80 0.97
4418 1717 0.97
4514 2629 0.97
4611 1177 0.97
4717 5065 0.97
4901 2420 0.97
5295 3573 0.97
5346 2840 0.97
5357 2920 0.97
5479 4353 0.97
5615 1305 0.97
5862 184 0.97
80 4549 0.98
898 4101 0.98
932 1840 0.98
1063 1878 0.98
1249 1327 0.98
1379 5675 0.98
1584 3385 0.98
1997 1788 0.98
2351 658 0.98
3493 534 0.98
3614 5682 0.98
4065 3569 0.98
4327 5854 0.98
4578 5125 0.98
5270 863 0.98
5559 2422 0.98
5925 812 0.98
5972 4145 0.98
830 3531 0.99
980 785 0.99
1328 941 0.99
1431 3141 0.99
1762 4695 0.99
1891 4378 0.99
2006 214 0.99
2117 2033 0.99
2154 3031 0.99
2452 2559 0.99
2768 3507 0.99
4160 2521 0.99
4830 3055 0.99
5088 2430 0.99
5304 3785 0.99
5552 637 0.99
770 392 1
1070 5648 1
1302 4625 1
1659 927 1
1860 5940 1
2223 5140 1
2283 1581 1
2341 4632 1
2587 654 1
2590 2522 1
3041 2693 1
3137 4823 1
3147 798 1
3579 2811 1
4045 4093 1
4170 1841 1
4174 985 1
4222 4391 1
4534 4050 1
4604 3400 1
4678 4034 1
5008 1985 1
5041 3581 1
5187 5592 1
5595 2015 1
141 5388 1.01
475 1412 1.01
913 3903 1.01
965 2382 1.01
1603 4793 1.01
1744 2921 1.01
1789 486 1.01
1877 4116 1.01
1977 217 1.01
2015 99 1.01
2231 1463 1.01
2313 5387 1.01
2324 2051 1.01
2466 5662 1.01
2671 575 1.01
2788 122 1.01
2801 4310 1.01
3061 3308 1.01
3402 4121 1.01
3450 2526 1.01
3451 2636 1.01
3716 3128 1.01
4340 5480 1.01
4516 779 1.01
4587 1652 1.01
4717 3254 1.01
5099 3035 1.01
5150 1220 1.01
5620 740 1.01
5655 600 1.01
5666 3731 1.01
377 307 1.02
509 3987 1.02
555 3648 1.02
1023 903 1.02
1193 636 1.02
1217 3997 1.02
1566 4224 1.02
1669 2741 1.02
1929 4294 1.02
2042 1486 1.02
2099 3661 1.02
2476 5982 1.02
2693 3815 1.02
2769 218 1.02
2802 5860 1.02
2919 889 1.02
2944 1155 1.02
2998 1958 1.02
3330 3273 1.02
3480 3122 1.02
3596 940 1.02
3898 5564 1.02
3971 3845 1.02
3975 5874 1.02
4086 2375 1.02
4298 1770 1.02
4344 760 1.02
5151 4615 1.02
5161 1247 1.02
5288 422 1.02
5348 5044 1.02
5648 2779 1.02
1386 2758 1.03
1460 1256 1.03
2110 3301 1.03
2259 181 1.03
2470 4752 1.03
3070 548 1.03
3090 4461 1.03
3729 3145 1.03
3864 4697 1.03
3979 3456 1.03
4041 5397 1.03
4199 4197 1.03
4306 4116 1.03
4327 3781 1.03
4480 1671 1.03
4500 1797 1.03
4689 2963 1.03
4817 752 1.03
5979 2554 1.03
166 4046 1.04
768 4213 1.04
924 3353 1.04
988 1092 1.04
1007 170 1.04
1106 963 1.04
1792 3384 1.04
1898 5106 1.04
2438 5834 1.04
2797 2267 1.04
3197 1866 1.04
3242 170 1.04
3367 3716 1.04
3436 2361 1.04
3671 5333 1.04
3687 4625 1.04
3926 5413 1.04
3977 1532 1.04
4333 2391 1.04
4377 3352 1.04
4903 3284 1.04
5013 5010 1.04
5042 1932 1.04
5301 1961 1.04
5600 2378 1.04
5604 1121 1.04
5655 4113 1.04
487 3246 1.05
670 2079 1.05
886 2229 1.05
1266 1061 1.05
1517 1896 1.05
1832 1234 1.05
2188 54 1.05
2430 4654 1.05
2573 4101 1.05
2769 5949 1.05
3959 5663 1.05
4138 541 1.05
4878 1325 1.05
5294 1405 1.05
5397 3310 1.05
5438 5639 1.05
5592 4280 1.05
2 185 1.06
75 2574 1.06
137 3506 1.06
593 5607 1.06
704 1848 1.06
712 2978 1.06
861 4084 1.06
1010 4021 1.06
1071 4412 1.06
1138 674 1.06
1446 2261 1.06
2069 5815 1.06
2370 1693 1.06
2490 5985 1.06
2894 2890 1.06
3407 2840 1.06
3577 822 1.06
4325 4840 1.06
4932 5401 1.06
5133 3087 1.06
5543 204 1.06
5659 1920 1.06
5976 5329 1.06
264 3112 1.07
448 1376 1.07
791 1862 1.07
1321 2449 1.07
1415 5489 1.07
2014 5404 1.07
2084 4381 1.07
2231 203 1.07
2375 4438 1.07
2609 4063 1.07
3144 151 1.07
3359 1411 1.07
3509 4981 1.07
3645 2187 1.07
3748 1072 1.07
3774 5848 1.07
3783 2886 1.07
3807 1952 1.07
4014 2312 1.07
4015 4000 1.07
4356 5825 1.07
4404 1059 1.07
4421 47 1.07
4824 3660 1.07
5580 5827 1.07
67 4515 1.08
206 3995 1.08
275 68 1.08
297 1787 1.08
316 5667 1.08
726 722 1.08
770 4347 1.08
985 934 1.08
1016 3059 1.08
1126 4327 1.08
1220 1304 1.08
1543 3937 1.08
1656 5686 1.08
2036 5952 1.08
2280 3407 1.08
2420 4600 1.08
2722 3664 1.08
2965 5624 1.08
3043 4633 1.08
3125 5158 1.08
3275 4373 1.08
3547 2173 1.08
3894 1474 1.08
4110 3515 1.08
4397 2762 1.08
4633 250 1.08
4638 4562 1.08
4730 134 1.08
4733 3048 1.08
4841 35 1.08
4879 4730 1.08
5203 4208 1.08
5281 5138 1.08
5601 5331 1.08
173 3139 1.09
363 3648 1.09
950 991 1.09
991 2954 1.09
1173 5000 1.09
1355 251 1.09
1547 3785 1.09
1706 4092 1.09
1965 4161 1.09
2154 749 1.09
2226 890 1.09
2256 2350 1.09
2733 1183 1.09
3082 4898 1.09
3138 613 1.09
3348 5215 1.09
3758 5241 1.09
3803 2589 1.09
3920 5208 1.09
4023 3756 1.09
4412 2114 1.09
4850 3900 1.09
4871 1000 1.09
5084 3496 1.09
5420 5377 1.09
5463 3270 1.09
5752 5711 1.09
34 1907 1.1
124 52 1.1
880 1790 1.1
974 1134 1.1
982 4467 1.1
1000 3273 1.1
1052 2015 1.1
1349 972 1.1
1408 3828 1.1
1465 735 1.1
1519 3746 1.1
1622 1308 1.1
1932 5902 1.1
2154 4304 1.1
2236 5125 1.1
2453 1724 1.1
2649 824 1.1
3351 3389 1.1
3519 3219 1.1
3663 1288 1.1
3689 2010 1.1
3756 105 1.1
4260 4187 1.1
4942 2286 1.1
4983 5714 1.1
5605 1699 1.1
5698 4338 1.1
151 576 1.11
295 263 1.11
302 2260 1.11
875 494 1.11
1552 4857 1.11
1591 1880 1.11
2097 4025 1.11
2613 2301 1.11
2757 2544 1.11
3023 2317 1.11
3136 4446 1.11
4083 3286 1.11
4241 1219 1.11
4395 3842 1.11
4467 2833 1.11
4726 3663 1.11
5419 3228 1.11
5479 2613 1.11
5836 5142 1.11
5933 4810 1.11
352 377 1.12
532 2076 1.12
695 4893 1.12
1447 5340 1.12
1607 3324 1.12
1668 4568 1.12
1809 3801 1.12
2060 5078 1.12
2976 3931 1.12
3049 2011 1.12
3361 3901 1.12
3381 2710 1.12
3458 4134 1.12
3461 4515 1.12
3700 2433 1.12
4221 2464 1.12
4262 4672 1.12
4545 4018 1.12
4878 1501 1.12
4935 4905 1.12
5160 5535 1.12
5201 3109 1.12
5376 2858 1.12
69 3465 1.13
261 4321 1.13
710 3893 1.13
752 5134 1.13
796 215 1.13
977 1654 1.13
1096 5802 1.13
1226 3732 1.13
1930 2883 1.13
1958 903 1.13
2233 677 1.13
2386 2299 1.13
2417 1775 1.13
2577 3646 1.13
3036 3266 1.13
3095 4405 1.13
3112 5184 1.13
3143 4226 1.13
3526 1233 1.13
3803 494 1.13
4189 5981 1.13
4195 2219 1.13
4242 4786 1.13
4379 4755 1.13
4495 2909 1.13
4590 5052 1.13
5377 2900 1.13
5852 4702 1.13
130 3337 1.14
213 1342 1.14
304 2852 1.14
414 59 1.14
749 439 1.14
839 2312 1.14
888 151 1.14
1426 2364 1.14
1640 749 1.14
2246 2810 1.14
2389 5830 1.14
2438 4992 1.14
2782 4744 1.14
2929 355 1.14
2984 3570 1.14
3092 2183 1.14
3126 3949 1.14
3500 2302 1.14
4142 50 1.14
4294 4378 1.14
4399 1662 1.14
4658 1882 1.14
4854 2323 1.14
5201 2754 1.14
5207 908 1.14
5210 3681 1.14
5893 3636 1.14
32 4939 1.15
375 4521 1.15
710 1855 1.15
785 4712 1.15
926 128 1.15
1189 2783 1.15
1309 842 1.15
1503 1225 1.15
1505 2544 1.15
1536 5225 1.15
2670 1988 1.15
2975 2402 1.15
3305 5465 1.15
3932 311 1.15
3986 2965 1.15
4395 4573 1.15
5400 3402 1.15
345 3476 1.16
407 2930 1.16
726 4304 1.16
1164 1777 1.16
1196 1851 1.16
1325 1528 1.16
1741 1132 1.16
1965 1846 1.16
2706 3112 1.16
3414 3292 1.16
3436 2143 1.16
3924 5660 1.16
4265 2614 1.16
4394 5850 1.16
4580 2164 1.16
4727 1912 1.16
5792 5058 1.16
742 3403 1.17
829 524 1.17
1028 1644 1.17
1092 3498 1.17
1344 5175 1.17
1440 951 1.17
1593 4625 1.17
1809 1129 1.17
2736 5054 1.17
3335 5643 1.17
3400 1907 1.17
3414 3775 1.17
3434 897 1.17
3844 5754 1.17
3909 5674 1.17
4016 4703 1.17
4067 4273 1.17
4324 5701 1.17
4463 24 1.17
4613 1736 1.17
4716 566 1.17
5160 4872 1.17
5241 2605 1.17
5384 1317 1.17
43 361 1.18
62 730 1.18
465 4767 1.18
477 595 1.18
617 4961 1.18
703 3539 1.18
936 1911 1.18
1075 5720 1.18
1527 2699 1.18
1628 3258 1.18
1769 1331 1.18
1864 3259 1.18
2662 3631 1.18
2826 2165 1.18
2903 1676 1.18
3901 1821 1.18
4188 923 1.18
4197 618 1.18
4320 2962 1.18
4400 292 1.18
4816 2847 1.18
4846 1050 1.18
4988 2328 1.18
5446 1825 1.18
5513 5585 1.18
68 4974 1.19
337 5764 1.19
527 5263 1.19
692 3839 1.19
1178 1956 1.19
1230 2325 1.19
1255 4665 1.19
1617 1833 1.19
1888 4633 1.19
1900 2651 1.19
2035 5978 1.19
3337 3657 1.19
3418 1568 1.19
3692 1357 1.19
3731 4205 1.19
4055 2461 1.19
4135 3179 1.19
4230 5477 1.19
4257 921 1.19
4402 3786 1.19
4500 5923 1.19
4531 5377 1.19
4707 708 1.19
4824 2480 1.19
5003 1548 1.19
5144 4130 1.19
5727 4251 1.19
402 2091 1.2
545 5914 1.2
585 1908 1.2
666 5346 1.2
815 1327 1.2
920 1760 1.2
965 3110 1.2
1162 4132 1.2
1408 3084 1.2
1555 4811 1.2
1957 4653 1.2
2101 4666 1.2
2255 1522 1.2
2519 4109 1.2
3102 4240 1.2
3104 1417 1.2
3109 5215 1.2
3343 388 1.2
3346 1908 1.2
3942 1808 1.2
4221 930 1.2
4345 5339 1.2
4844 2279 1.2
4848 4608 1.2
4966 1695 1.2
4993 271 1.2
5208 4506 1.2
5334 3556 1.2
5424 3567 1.2
311 3588 1.21
718 4224 1.21
729 5829 1.21
998 883 1.21
1523 1985 1.21
1779 1361 1.21
1850 4526 1.21
2301 3951 1.21
2566 4593 1.21
2795 489 1.21
3039 572 1.21
3149 5777 1.21
3621 5887 1.21
3762 4636 1.21
4548 5645 1.21
4566 2019 1.21
4923 5948 1.21
5366 1950 1.21
5496 895 1.21
5728 5420 1.21
133 534 1.22
266 5906 1.22
407 5983 1.22
635 1170 1.22
893 408 1.22
1446 712 1.22
1652 4099 1.22
1737 4427 1.22
1928 621 1.22
2236 5613 1.22
2300 5887 1.22
2388 3726 1.22
2558 1083 1.22
2684 3374 1.22
2832 719 1.22
3539 131 1.22
3971 750 1.22
3990 4820 1.22
4447 4180 1.22
4521 230 1.22
4788 5528 1.22
4934 4077 1.22
4953 2514 1.22
5000 2518 1.22
5181 1971 1.22
5215 447 1.22
314 5450 1.23
441 5081 1.23
655 2703 1.23
921 5602 1.23
1093 4065 1.23
1387 3738 1.23
1482 4028 1.23
1529 3680 1.23
1702 2052 1.23
2071 1257 1.23
2232 4533 1.23
2325 2273 1.23
2390 3258 1.23
2853 5521 1.23
3028 3079 1.23
3278 5438 1.23
3775 3316 1.23
4371 248 1.23
4501 4824 1.23
4751 3302 1.23
4868 3488 1.23
4937 3533 1.23
5670 652 1.23
5812 4388 1.23
65 2312 1.24
107 2947 1.24
118 4933 1.24
214 1334 1.24
829 4027 1.24
1092 143 1.24
1142 1432 1.24
1749 785 1.24
1829 674 1.24
1868 3821 1.24
2267 4262 1.24
2800 4150 1.24
2817 160 1.24
3065 5570 1.24
3474 3172 1.24
3560 3742 1.24
3594 1928 1.24
3784 75 1.24
3986 121 1.24
4010 405 1.24
4035 2832 1.24
4532 1199 1.24
4705 697 1.24
5213 2092 1.24
5678 629 1.24
5832 3299 1.24
5862 203 1.24
5995 355 1.24
5998 4819 1.24
13 1121 1.25
13 2920 1.25
28 3348 1.25
85 3188 1.25
260 3256 1.25
422 1288 1.25
499 3162 1.25
589 3371 1.25
759 656 1.25
961 2888 1.25
1033 2944 1.25
1035 5765 1.25
1051 3197 1.25
1217 3186 1.25
1225 3475 1.25
1404 4548 1.25
1805 5463 1.25
1871 4625 1.25
1925 2039 1.25
2242 1926 1.25
2678 14 1.25
2925 768 1.25
3009 5657 1.25
3048 4203 1.25
3152 1274 1.25
3247 2940 1.25
3446 1141 1.25
3514 995 1.25
3632 4398 1.25
4115 4796 1.25
4399 315 1.25
4442 732 1.25
5269 2274 1.25
5377 5140 1.25
5518 3543 1.25
5640 1753 1.25
5848 3661 1.25
5890 3158 1.25
557 3251 1.26
672 848 1.26
929 2745 1.26
1043 1134 1.26
1172 3699 1.26
1457 229 1.26
1907 5691 1.26
3027 3428 1.26
3036 4856 1.26
3110 3670 1.26
3125 4146 1.26
3309 2549 1.26
3790 3592 1.26
3947 5426 1.26
4148 55 1.26
4892 2636 1.26
5045 2225 1.26
5076 186 1.26
5225 3289 1.26
5406 1083 1.26
5583 5140 1.26
5933 2121 1.26
5998 203 1.26
998 510 1.27
2810 4235 1.27
2900 100 1.27
3048 246 1.27
3049 1947 1.27
3236 5357 1.27
3305 2047 1.27
3516 5178 1.27
3786 669 1.27
3837 5988 1.27
4404 4032 1.27
4609 2871 1.27
4696 1832 1.27
4872 216 1.27
5695 1457 1.27
5924 5207 1.27
834 537 1.28
1056 3614 1.28
1284 4518 1.28
1290 3472 1.28
2201 2095 1.28
2320 3923 1.28
2800 2406 1.28
2837 2538 1.28
2864 380 1.28
3540 2679 1.28
3818 549 1.28
3996 4975 1.28
4118 4813 1.28
4414 2469 1.28
4418 809 1.28
4938 4264 1.28
5018 217 1.28
5459 4357 1.28
5500 1912 1.28
5862 1522 1.28
22 5417 1.29
133 2129 1.29
388 977 1.29
487 3414 1.29
879 1821 1.29
1325 128 1.29
1344 5839 1.29
1365 1674 1.29
1583 3431 1.29
1813 4960 1.29
1841 626 1.29
2159 457 1.29
2274 2379 1.29
2476 422 1.29
2807 4677 1.29
3034 2787 1.29
3036 3048 1.29
3141 399 1.29
3245 926 1.29
3403 2224 1.29
3870 4475 1.29
5490 4769 1.29
5526 630 1.29
5758 532 1.29
5774 5559 1.29
5775 375 1.29
5999 4647 1.29
517 3659 1.3
596 1779 1.3
1192 2042 1.3
1945 2407 1.3
2612 2813 1.3
2713 540 1.3
2864 4840 1.3
2874 5436 1.3
2882 488 1.3
2948 578 1.3
4137 5934 1.3
4274 2713 1.3
4762 1952 1.3
4778 4112 1.3
5200 1049 1.3
5417 2467 1.3
5465 2289 1.3
5603 244 1.3
5613 137 1.3
5746 5392 1.3
5791 4355 1.3
5828 4308 1.3
5981 407 1.3
118 1765 1.31
209 2692 1.31
454 1104 1.31
720 4437 1.31
921 2615 1.31
928 1696 1.31
1104 5975 1.31
1137 3770 1.31
1198 2317 1.31
1267 3198 1.31
1280 104 1.31
1328 1010 1.31
1842 3944 1.31
1852 2719 1.31
2222 2082 1.31
3330 818 1.31
4301 3665 1.31
4379 4747 1.31
4704 1349 1.31
4738 4509 1.31
5092 2065 1.31
5269 1238 1.31
5399 4248 1.31
5411 4737 1.31
5703 1321 1.31
92 3499 1.32
132 4107 1.32
171 2873 1.32
366 415 1.32
505 4658 1.32
522 1916 1.32
1529 664 1.32
2259 1604 1.32
2368 2644 1.32
2970 2223 1.32
3026 1939 1.32
3190 3359 1.32
3336 5323 1.32
3470 1697 1.32
3541 4405 1.32
4348 1479 1.32
4395 5584 1.32
4404 2419 1.32
4558 499 1.32
4626 1523 1.32
4903 4869 1.32
5062 407 1.32
5100 5363 1.32
5230 55 1.32
5373 536 1.32
5421 5081 1.32
5718 1147 1.32
5864 212 1.32
341 3494 1.33
560 5991 1.33
1491 5458 1.33
1560 449 1.33
2087 192 1.33
2089 607 1.33
2322 1073 1.33
2962 5197 1.33
3004 842 1.33
3206 3454 1.33
3317 3988 1.33
3878 3466 1.33
3924 4248 1.33
4228 2386 1.33
4240 5653 1.33
4368 4763 1.33
4596 996 1.33
4612 2044 1.33
4953 104 1.33
5434 2479 1.33
5812 4222 1.33
28 764 1.34
361 4794 1.34
867 3937 1.34
880 5053 1.34
1012 1635 1.34
1263 2271 1.34
1419 5560 1.34
1482 2126 1.34
1488 3777 1.34
1504 5196 1.34
1578 2199 1.34
1862 1685 1.34
1863 354 1.34
2553 2596 1.34
2646 3987 1.34
3177 1880 1.34
4588 5340 1.34
5847 4324 1.34
5975 1269 1.34
565 4855 1.35
578 5858 1.35
1106 1830 1.35
1152 4536 1.35
1334 95 1.35
1670 162 1.35
1979 2087 1.35
2066 3833 1.35
2241 4582 1.35
2278 1133 1.35
2855 2367 1.35
2917 5662 1.35
2958 3846 1.35
3085 4322 1.35
3229 1778 1.35
3559 1333 1.35
4126 882 1.35
4172 5514 1.35
4612 5415 1.35
4903 840 1.35
5022 193 1.35
5377 4224 1.35
5494 5342 1.35
5590 2348 1.35
5664 4460 1.35
5811 476 1.35
5888 3766 1.35
5947 4765 1.35
157 5508 1.36
422 5067 1.36
643 423 1.36
925 2629 1.36
1124 68 1.36
1182 5350 1.36
1445 2517 1.36
1566 1786 1.36
1668 3129 1.36
2019 3360 1.36
2360 1661 1.36
2566 277 1.36
2893 4013 1.36
2898 109 1.36
3075 2799 1.36
3169 4298 1.36
3238 30 1.36
3337 4007 1.36
3344 3440 1.36
3386 3400 1.36
3578 733 1.36
4015 191 1.36
4116 4022 1.36
4391 1657 1.36
4796 564 1.36
5062 4887 1.36
5994 1688 1.36
157 2695 1.37
530 5251 1.37
684 1196 1.37
713 4693 1.37
944 3651 1.37
2117 1964 1.37
2278 4967 1.37
2304 5890 1.37
2378 3951 1.37
2533 3520 1.37
2669 4347 1.37
2692 1844 1.37
2800 3938 1.37
3218 3593 1.37
3327 645 1.37
3524 113 1.37
3672 5773 1.37
4212 75 1.37
4250 5252 1.37
4398 1071 1.37
4583 5511 1.37
4976 653 1.37
5177 5482 1.37
5214 5605 1.37
5290 3861 1.37
5306 3857 1.37
5407 3723 1.37
5526 5491 1.37
5783 5230 1.37
5989 156 1.37
1385 704 1.38
1496 2966 1.38
2059 2977 1.38
2353 4499 1.38
2925 1882 1.38
3058 79 1.38
3093 5776 1.38
3430 3679 1.38
3433 978 1.38
3489 5753 1.38
4029 5277 1.38
4228 4419 1.38
4347 4236 1.38
4421 3833 1.38
4587 974 1.38
5653 2321 1.38
17 3077 1.39
43 3877 1.39
93 1688 1.39
151 2621 1.39
197 5087 1.39
386 3048 1.39
517 4683 1.39
1749 1697 1.39
1912 4450 1.39
2130 2257 1.39
2376 1040 1.39
2600 5524 1.39
3093 3473 1.39
3361 21 1.39
3827 2516 1.39
4810 4765 1.39
5053 896 1.39
5164 3083 1.39
5339 4270 1.39
5594 94 1.39
5665 5511 1.39
33 5025 1.4
65 5261 1.4
1377 2354 1.4
1591 1506 1.4
1605 5122 1.4
1651 5004 1.4
1876 1729 1.4
1969 4498 1.4
2013 3742 1.4
2363 55 1.4
2539 2721 1.4
2678 5894 1.4
4133 4361 1.4
4143 1251 1.4
4518 4529 1.4
4857 3447 1.4
4964 511 1.4
5410 1562 1.4
340 1971 1.41
439 2613 1.41
625 3994 1.41
1065 2905 1.41
1205 3609 1.41
1578 3042 1.41
1590 2700 1.41
2391 5972 1.41
2657 1110 1.41
3891 323 1.41
3986 3874 1.41
4703 446 1.41
4860 4442 1.41
4932 1579 1.41
5094 1153 1.41
5445 2690 1.41
5729 2935 1.41
5784 4940 1.41
306 453 1.42
435 124 1.42
1586 67 1.42
1770 4735 1.42
1797 2951 1.42
1864 2996 1.42
1890 3609 1.42
2300 3671 1.42
2497 5419 1.42
2725 4415 1.42
3063 3195 1.42
3569 3116 1.42
3968 3547 1.42
4077 5337 1.42
4460 1202 1.42
4629 2187 1.42
5016 1139 1.42
5282 3235 1.42
5657 513 1.42
280 4684 1.43
506 5180 1.43
508 528 1.43
948 1375 1.43
1119 2672 1.43
1399 4667 1.43
1830 2231 1.43
2034 5734 1.43
2317 4943 1.43
2356 1263 1.43
2823 2577 1.43
3009 1088 1.43
3096 665 1.43
3157 2301 1.43
3229 5658 1.43
3578 2977 1.43
4157 4487 1.43
4258 1737 1.43
4648 5769 1.43
5588 2353 1.43
5640 976 1.43
5643 1748 1.43
249 66 1.44
817 5049 1.44
1491 5194 1.44
1865 960 1.44
2189 2603 1.44
2232 88 1.44
2348 730 1.44
2513 534 1.44
2617 1801 1.44
2710 838 1.44
3152 3939 1.44
3279 5564 1.44
4048 4487 1.44
4389 2647 1.44
4481 2495 1.44
4948 29 1.44
5412 5656 1.44
5750 2622 1.44
5869 1898 1.44
5885 1949 1.44
361 46 1.45
963 604 1.45
1080 5509 1.45
1096 4733 1.45
1279 1099 1.45
1499 5756 1.45
1506 4809 1.45
1701 1212 1.45
1872 4002 1.45
2187 5270 1.45
2460 1032 1.45
2853 4779 1.45
2974 4967 1.45
3432 1084 1.45
3479 2791 1.45
3940 5445 1.45
4223 2771 1.45
4358 3650 1.45
4766 4024 1.45
4771 3904 1.45
5196 575 1.45
5796 744 1.45
5845 4097 1.45
171 1379 1.46
332 1585 1.46
363 639 1.46
610 2017 1.46
734 4498 1.46
2031 4165 1.46
2219 1539 1.46
2456 4143 1.46
2607 1979 1.46
2874 4512 1.46
2957 2951 1.46
2985 135 1.46
3480 3374 1.46
3892 1774 1.46
3981 8 1.46
4026 637 1.46
4778 1503 1.46
4953 2700 1.46
5024 513 1.46
5195 1745 1.46
5347 1670 1.46
124 4720 1.47
125 933 1.47
751 1196 1.47
775 5257 1.47
804 3821 1.47
904 1121 1.47
932 4985 1.47
1139 3631 1.47
2497 979 1.47
2776 1086 1.47
2956 2112 1.47
3014 1018 1.47
3014 2959 1.47
3282 4475 1.47
3329 912 1.47
3491 1410 1.47
3531 5476 1.47
3834 352 1.47
5403 3528 1.47
5622 2408 1.47
5817 206 1.47
5868 2101 1.47
5991 2113 1.47
221 3279 1.48
327 1896 1.48
698 892 1.48
714 4164 1.48
1741 332 1.48
2310 5904 1.48
2600 3724 1.48
2657 4277 1.48
3377 2485 1.48
3599 5786 1.48
4230 3419 1.48
4815 5078 1.48
5157 1883 1.48
5166 5788 1.48
5397 2012 1.48
5401 2708 1.48
5465 259 1.48
5494 2082 1.48
5565 436 1.48
5614 5929 1.48
5743 5716 1.48
37 5064 1.49
120 2281 1.49
252 2038 1.49
660 2719 1.49
697 3585 1.49
1258 4976 1.49
1369 1985 1.49
1436 2946 1.49
1804 1475 1.49
2282 1857 1.49
3237 347 1.49
3288 1193 1.49
4451 4366 1.49
4758 4588 1.49
4864 272 1.49
4871 4807 1.49
4947 5579 1.49
5117 3947 1.49
5157 961 1.49
5514 4448 1.49
5797 5284 1.49
39 3131 1.5
51 5324 1.5
80 5836 1.5
592 904 1.5
776 3427 1.5
1054 3831 1.5
1598 2998 1.5
1680 3077 1.5
2072 652 1.5
2386 1681 1.5
2414 3598 1.5
2990 2136 1.5
3040 4633 1.5
3401 131 1.5
3472 3868 1.5
3665 4867 1.5
4700 4435 1.5
5254 1435 1.5
5381 2216 1.5
5434 3696 1.5
5592 4547 1.5
5778 2136 1.5
5837 5632 1.5
398 2166 1.51
763 5268 1.51
975 4612 1.51
1218 2483 1.51
1817 2374 1.51
2602 1183 1.51
2717 3194 1.51
3414 4438 1.51
4805 5823 1.51
5105 814 1.51
5946 559 1.51
17 503 1.52
45 2089 1.52
475 129 1.52
627 3787 1.52
662 258 1.52
671 3769 1.52
1060 4934 1.52
1808 1114 1.52
1885 3073 1.52
1920 2153 1.52
1976 3396 1.52
2285 443 1.52
2419 4153 1.52
2732 3881 1.52
2922 3560 1.52
3538 3983 1.52
4118 4654 1.52
4191 3834 1.52
4219 1239 1.52
4297 4621 1.52
4388 5365 1.52
4615 5220 1.52
4706 2300 1.52
5036 5311 1.52
5344 5875 1.52
5763 5847 1.52
118 2546 1.53
142 5602 1.53
438 5492 1.53
816 3287 1.53
979 3621 1.53
1652 5165 1.53
1687 1126 1.53
1812 4630 1.53
2450 4676 1.53
2496 11 1.53
2571 3233 1.53
2673 1816 1.53
2845 5559 1.53
3491 3464 1.53
4088 3535 1.53
4702 1347 1.53
4970 3536 1.53
5105 5703 1.53
5406 4416 1.53
5487 1599 1.53
222 5405 1.54
334 4373 1.54
444 3808 1.54
1166 885 1.54
1169 2727 1.54
1400 2826 1.54
1500 1136 1.54
1766 1007 1.54
2065 4029 1.54
3477 1428 1.54
4139 5516 1.54
4428 4880 1.54
4617 4908 1.54
4656 2440 1.54
4822 4171 1.54
5078 4449 1.54
5143 2566 1.54
5287 5326 1.54
5746 3567 1.54
300 3545 1.55
401 2207 1.55
402 4099 1.55
847 5705 1.55
1215 2271 1.55
1558 1424 1.55
1880 1167 1.55
2400 2218 1.55
2587 2512 1.55
2770 2403 1.55
3228 706 1.55
3463 1883 1.55
3621 3522 1.55
4000 1413 1.55
4249 2384 1.55
4428 2448 1.55
4499 4050 1.55
4618 3848 1.55
4664 1338 1.55
4678 4072 1.55
4847 2320 1.55
5086 2376 1.55
5131 658 1.55
5236 1113 1.55
5276 1638 1.55
5466 86 1.55
5531 2696 1.55
5561 2587 1.55
5746 5674 1.55
5855 5296 1.55
1087 5608 1.56
1248 1501 1.56
1958 5081 1.56
2213 3597 1.56
2403 1269 1.56
2592 1578 1.56
2950 1356 1.56
3266 3032 1.56
3287 3713 1.56
3390 553 1.56
3653 5297 1.56
3969 4088 1.56
4084 2611 1.56
5034 17 1.56
5406 2065 1.56
5646 5640 1.56
5700 3321 1.56
5773 4934 1.56
5852 1090 1.56
5991 2092 1.56
240 1660 1.57
575 1278 1.57
978 2575 1.57
1545 3391 1.57
2232 5563 1.57
2616 76 1.57
2688 2303 1.57
3033 3855 1.57
3139 5334 1.57
3707 2450 1.57
3794 4469 1.57
3795 1097 1.57
3990 3782 1.57
4622 5305 1.57
4832 5168 1.57
5284 3295 1.57
5305 887 1.57
5307 2248 1.57
5316 5077 1.57
5413 2985 1.57
5711 2057 1.57
5740 5102 1.57
5789 2885 1.57
5927 2494 1.57
5969 4202 1.57
166 355 1.58
1064 2179 1.58
1075 3234 1.58
1171 4091 1.58
1653 3804 1.58
1889 4295 1.58
2033 3553 1.58
2228 2323 1.58
2260 2837 1.58
2788 1227 1.58
3103 4963 1.58
3223 4640 1.58
3344 4555 1.58
3359 2472 1.58
3574 2778 1.58
3718 2939 1.58
3909 2829 1.58
3955 824 1.58
4126 5128 1.58
4380 5150 1.58
4574 4920 1.58
4779 455 1.58
5398 3061 1.58
5774 681 1.58
140 1340 1.59
819 5806 1.59
895 5118 1.59
954 219 1.59
1891 1441 1.59
2293 1075 1.59
2375 5655 1.59
4195 3792 1.59
4321 1903 1.59
4389 444 1.59
4619 3684 1.59
5517 5529 1.59
306 1441 1.6
362 4409 1.6
474 1504 1.6
705 3675 1.6
919 3701 1.6
1199 4564 1.6
1641 2279 1.6
2029 3076 1.6
2067 2919 1.6
2345 3711 1.6
2508 564 1.6
2580 2393 1.6
3087 3913 1.6
3107 4405 1.6
3179 2360 1.6
3272 4485 1.6
3648 2539 1.6
4000 1708 1.6
4550 3356 1.6
4651 2430 1.6
5222 2893 1.6
5889 793 1.6
319 2970 1.61
419 1799 1.61
1085 3615 1.61
1398 5707 1.61
1535 638 1.61
1616 5154 1.61
1927 2495 1.61
2324 4069 1.61
3065 1658 1.61
3218 4024 1.61
3437 1642 1.61
3602 2303 1.61
4982 2481 1.61
5168 3184 1.61
5281 3653 1.61
5815 94 1.61
5881 2492 1.61
175 3651 1.62
1064 1133 1.62
1107 2841 1.62
1123 1747 1.62
1525 5485 1.62
1532 1581 1.62
1535 278 1.62
1575 3448 1.62
1733 2900 1.62
1873 3517 1.62
1898 3640 1.62
2159 1801 1.62
2657 4389 1.62
2722 4307 1.62
2966 2256 1.62
3137 1690 1.62
4838 2557 1.62
5093 1931 1.62
5250 5719 1.62
5611 5533 1.62
55 983 1.63
623 2311 1.63
1530 717 1.63
2388 5305 1.63
2423 3281 1.63
2489 1540 1.63
2575 3139 1.63
2732 2588 1.63
2952 4359 1.63
3605 840 1.63
4369 3606 1.63
4475 856 1.63
26 2688 1.64
115 3949 1.64
260 788 1.64
1286 2978 1.64
1572 182 1.64
1648 3841 1.64
1981 5659 1.64
2272 1246 1.64
2283 615 1.64
2314 5888 1.64
2672 4922 1.64
3119 1811 1.64
3652 2052 1.64
3753 5804 1.64
3767 1018 1.64
3913 3564 1.64
4078 78 1.64
4587 5850 1.64
4820 5589 1.64
4984 3554 1.64
5663 964 1.64
502 2174 1.65
693 5624 1.65
708 5551 1.65
1168 948 1.65
1348 4003 1.65
1621 1087 1.65
1976 2462 1.65
2008 774 1.65
2485 3534 1.65
2958 4666 1.65
3028 556 1.65
3243 159 1.65
3304 1401 1.65
4072 4134 1.65
4213 2991 1.65
4473 371 1.65
4529 5308 1.65
4895 5458 1.65
4972 5729 1.65
5874 2607 1.65
31 571 1.66
99 1435 1.66
430 987 1.66
472 3570 1.66
1018 4710 1.66
1415 5700 1.66
1526 2174 1.66
2498 2281 1.66
2595 3755 1.66
2838 4250 1.66
3534 4747 1.66
3625 246 1.66
3969 4365 1.66
4336 5760 1.66
4492 1730 1.66
4554 4792 1.66
5322 457 1.66
10 4531 1.67
146 214 1.67
419 5281 1.67
614 4222 1.67
703 663 1.67
1160 5795 1.67
1175 1014 1.67
2548 4697 1.67
3217 946 1.67
3295 689 1.67
3451 5555 1.67
3537 2821 1.67
3598 2135 1.67
3684 547 1.67
3821 3272 1.67
4051 3574 1.67
4782 582 1.67
4821 481 1.67
4867 4854 1.67
5760 2788 1.67
5838 4591 1.67
5994 3258 1.67
4 526 1.68
1222 1631 1.68
1519 730 1.68
1704 1359 1.68
1980 5813 1.68
2378 287 1.68
2905 2088 1.68
2944 816 1.68
4141 2402 1.68
4223 2357 1.68
4585 3208 1.68
4877 3144 1.68
5059 5070 1.68
5095 5628 1.68
5311 3474 1.68
5452 660 1.68
5473 3658 1.68
5495 2225 1.68
5879 3583 1.68
436 636 1.69
683 729 1.69
938 3241 1.69
1000 2336 1.69
1075 3411 1.69
1245 3811 1.69
1335 174 1.69
1350 5470 1.69
1684 1333 1.69
2648 4770 1.69
2743 235 1.69
2760 2352 1.69
2838 2035 1.69
3369 4084 1.69
3653 2608 1.69
3696 4616 1.69
4214 567 1.69
4291 1271 1.69
4356 1632 1.69
4691 1793 1.69
4768 3600 1.69
4810 4679 1.69
5023 2722 1.69
5056 2701 1.69
5093 4225 1.69
5329 240 1.69
5457 1591 1.69
46 1621 1.7
1012 3964 1.7
1792 5881 1.7
1793 2055 1.7
2022 1687 1.7
2677 3935 1.7
3125 2004 1.7
3266 5249 1.7
3925 763 1.7
3955 3503 1.7
4018 1808 1.7
4291 3960 1.7
4511 4920 1.7
4900 4504 1.7
5282 3764 1.7
44 1851 1.71
166 301 1.71
636 265 1.71
793 5981 1.71
1367 4170 1.71
1997 1555 1.71
2096 156 1.71
2312 1409 1.71
2374 3062 1.71
2707 829 1.71
3058 5185 1.71
3264 1411 1.71
3288 432 1.71
4880 3894 1.71
4899 2338 1.71
5338 2345 1.71
5668 1412 1.71
225 4375 1.72
800 925 1.72
997 5658 1.72
1239 2181 1.72
1303 3933 1.72
1452 3887 1.72
2166 4125 1.72
2720 3797 1.72
2817 5688 1.72
2851 4453 1.72
2896 5979 1.72
2968 3047 1.72
2990 2723 1.72
3080 4127 1.72
3265 4522 1.72
3872 5874 1.72
4247 5007 1.72
4613 5862 1.72
4777 3006 1.72
4888 4731 1.72
5392 794 1.72
380 1444 1.73
647 736 1.73
767 5531 1.73
1077 210 1.73
1474 1773 1.73
1922 3289 1.73
2042 5223 1.73
2776 2124 1.73
3052 2101 1.73
3169 1492 1.73
3527 1990 1.73
3731 452 1.73
3852 2024 1.73
4235 1816 1.73
4656 4717 1.73
5007 390 1.73
5263 893 1.73
5272 3987 1.73
5437 47 1.73
5560 4991 1.73
5637 2180 1.73
5844 2916 1.73
1171 1430 1.74
1362 1892 1.74
1857 3596 1.74
2030 5072 1.74
2620 3277 1.74
3405 1563 1.74
3506 4479 1.74
3920 152 1.74
3928 4100 1.74
4186 3036 1.74
4862 2656 1.74
4873 3281 1.74
5372 728 1.74
5753 1973 1.74
361 4374 1.75
504 845 1.75
752 4216 1.75
990 1833 1.75
1186 3791 1.75
1232 3418 1.75
1449 211 1.75
2626 4312 1.75
2825 4181 1.75
2849 1360 1.75
3180 1919 1.75
3181 805 1.75
3685 1520 1.75
3855 300 1.75
3956 1927 1.75
3975 698 1.75
5071 5021 1.75
5173 1114 1.75
5586 2316 1.75
5793 1262 1.75
347 3779 1.76
603 1087 1.76
991 868 1.76
1115 4081 1.76
1566 4361 1.76
1701 5726 1.76
1965 5844 1.76
2170 792 1.76
2175 11 1.76
2536 5473 1.76
2998 314 1.76
3004 3790 1.76
3706 2908 1.76
5157 3108 1.76
5629 3232 1.76
5742 5603 1.76
5877 829 1.76
145 1029 1.77
168 341 1.77
302 256 1.77
420 3291 1.77
799 4314 1.77
886 650 1.77
1342 5159 1.77
1504 369 1.77
2070 3070 1.77
4005 603 1.77
4099 5182 1.77
4130 5359 1.77
4615 4931 1.77
4797 3244 1.77
4926 2587 1.77
5059 2979 1.77
5475 415 1.77
5615 5556 1.77
5951 3646 1.77
494 5218 1.78
1013 2887 1.78
1749 2759 1.78
1753 828 1.78
1840 9 1.78
1968 726 1.78
2053 3342 1.78
2542 964 1.78
2638 5733 1.78
2689 134 1.78
3002 3300 1.78
3025 566 1.78
3508 4764 1.78
3882 4092 1.78
4001 3871 1.78
4137 227 1.78
4147 1951 1.78
4961 1731 1.78
5034 2590 1.78
5340 5736 1.78
5609 3095 1.78
5664 3143 1.78
335 5723 1.79
464 1783 1.79
2056 1256 1.79
2197 1939 1.79
2257 1543 1.79
2561 1655 1.79
2809 3277 1.79
2924 1148 1.79
3563 699 1.79
3852 5319 1.79
4336 258 1.79
4823 5151 1.79
5246 3189 1.79
5349 4424 1.79
5411 410 1.79
5533 3381 1.79
125 2302 1.8
759 2054 1.8
840 2804 1.8
1815 4714 1.8
1978 5965 1.8
2472 1612 1.8
2697 2695 1.8
3290 5944 1.8
4154 1713 1.8
4241 280 1.8
4715 646 1.8
5631 602 1.8
1083 1853 1.81
1330 4386 1.81
1391 4226 1.81
2158 4904 1.81
3247 3437 1.81
3603 1995 1.81
4288 3526 1.81
4617 2901 1.81
5105 2820 1.81
5762 4404 1.81
5769 4443 1.81
61 881 1.82
254 2272 1.82
555 4061 1.82
600 5093 1.82
1387 863 1.82
1395 1599 1.82
1858 3495 1.82
1954 3911 1.82
2590 3622 1.82
2775 3553 1.82
3170 1464 1.82
3221 846 1.82
3296 389 1.82
3790 4020 1.82
4434 1983 1.82
4524 128 1.82
4597 4965 1.82
4966 4059 1.82
5751 1120 1.82
5878 2362 1.82
317 3962 1.83
1414 1922 1.83
2083 2884 1.83
2412 366 1.83
2596 994 1.83
2647 4039 1.83
2851 5171 1.83
2910 687 1.83
2924 4022 1.83
2945 548 1.83
3388 1505 1.83
3419 413 1.83
3426 4469 1.83
3839 537 1.83
4169 5101 1.83
4466 2915 1.83
4924 4156 1.83
5455 1570 1.83
5648 2680 1.83
37 2747 1.84
110 1051 1.84
378 1457 1.84
482 3760 1.84
1532 3019 1.84
1551 3069 1.84
2212 4383 1.84
2488 4510 1.84
2724 543 1.84
2845 1470 1.84
3228 1757 1.84
3410 1673 1.84
3719 3217 1.84
4413 3259 1.84
4487 5828 1.84
4960 5903 1.84
5270 3354 1.84
5471 2907 1.84
49 3514 1.85
564 2412 1.85
1076 183 1.85
1200 5503 1.85
1380 1067 1.85
1776 2343 1.85
1939 2973 1.85
2122 4569 1.85
2568 2426 1.85
3158 2618 1.85
3188 4818 1.85
3483 4809 1.85
3918 5831 1.85
4467 1501 1.85
4597 2212 1.85
4833 2128 1.85
5153 5772 1.85
5650 5018 1.85
5709 2542 1.85
634 2480 1.86
1193 42 1.86
1748 1948 1.86
2966 2062 1.86
3270 2955 1.86
3381 1846 1.86
3471 522 1.86
3639 3143 1.86
4082 2918 1.86
4694 1564 1.86
5005 1690 1.86
5166 624 1.86
5724 807 1.86
57 808 1.87
237 252 1.87
693 4066 1.87
1143 1871 1.87
1560 5704 1.87
1716 3534 1.87
2553 5817 1.87
2632 284 1.87
2919 1221 1.87
3329 4013 1.87
3334 4214 1.87
3458 656 1.87
3703 1647 1.87
4046 2395 1.87
4351 3233 1.87
4517 4363 1.87
5141 873 1.87
5224 4821 1.87
5289 3527 1.87
5651 2801 1.87
689 1409 1.88
2023 4889 1.88
2639 5477 1.88
2716 5622 1.88
3010 4133 1.88
3058 1603 1.88
3303 5945 1.88
3694 4592 1.88
4305 5362 1.88
4403 5708 1.88
5326 2105 1.88
5344 5038 1.88
5398 4127 1.88
5779 3453 1.88
5907 4485 1.88
5983 5410 1.88
235 1806 1.89
676 5705 1.89
857 3212 1.89
1794 4251 1.89
1891 2491 1.89
1902 5440 1.89
1997 1976 1.89
2192 2819 1.89
2566 3893 1.89
2895 1800 1.89
3070 4238 1.89
3596 671 1.89
3650 3271 1.89
3683 3821 1.89
3785 3797 1.89
4174 2149 1.89
4360 3141 1.89
4624 5907 1.89
4736 1377 1.89
5781 3426 1.89
5889 3694 1.89
711 1971 1.9
735 5262 1.9
1625 5959 1.9
2045 5559 1.9
2455 4818 1.9
2869 3529 1.9
2880 2233 1.9
3808 5042 1.9
3867 4398 1.9
4293 3944 1.9
4385 5477 1.9
4431 3937 1.9
5071 5381 1.9
5076 1320 1.9
5244 3830 1.9
5320 360 1.9
5418 5341 1.9
5453 1205 1.9
5761 5114 1.9
237 5638 1.91
239 5543 1.91
1274 3677 1.91
2400 3199 1.91
2408 5626 1.91
2697 3527 1.91
2901 716 1.91
3147 1440 1.91
4124 621 1.91
4442 1076 1.91
5212 345 1.91
5334 5627 1.91
89 197 1.92
159 5164 1.92
477 3584 1.92
1539 5383 1.92
2263 5082 1.92
2706 5637 1.92
3379 2614 1.92
3439 3242 1.92
3777 3344 1.92
3963 2357 1.92
3982 4218 1.92
4161 3526 1.92
4478 3601 1.92
4641 4497 1.92
4801 2614 1.92
5050 4327 1.92
5082 2233 1.92
5143 3000 1.92
73 150 1.93
1869 1320 1.93
2819 1184 1.93
2930 4320 1.93
3440 3950 1.93
3778 3064 1.93
4423 5761 1.93
4526 5841 1.93
5220 731 1.93
5618 4520 1.93
1110 5986 1.94
1407 2526 1.94
2319 3444 1.94
2627 5330 1.94
3185 2185 1.94
3188 1450 1.94
3841 3678 1.94
4002 4183 1.94
4471 1392 1.94
4553 3124 1.94
4577 350 1.94
4941 1715 1.94
4982 5636 1.94
5739 724 1.94
5759 1904 1.94
251 4188 1.95
335 4429 1.95
743 385 1.95
819 1987 1.95
1204 4732 1.95
1734 685 1.95
1991 2985 1.95
2543 3334 1.95
3216 1713 1.95
3858 5795 1.95
3880 4066 1.95
4655 123 1.95
4750 3835 1.95
5238 5651 1.95
5704 2718 1.95
5869 5831 1.95
211 5562 1.96
309 274 1.96
608 5090 1.96
709 660 1.96
1331 4761 1.96
1647 1114 1.96
1828 5092 1.96
2032 125 1.96
2561 355 1.96
2632 1374 1.96
3667 4621 1.96
3818 5039 1.96
4592 4994 1.96
4911 3165 1.96
5080 502 1.96
45 518 1.97
343 4533 1.97
588 3296 1.97
701 5222 1.97
1843 1136 1.97
2685 2623 1.97
3234 3762 1.97
3328 1452 1.97
3366 2864 1.97
4413 3039 1.97
4501 4652 1.97
4917 3278 1.97
5642 5163 1.97
574 2160 1.98
866 1481 1.98
2259 1784 1.98
3333 1539 1.98
3339 3239 1.98
3419 5121 1.98
3508 5048 1.98
3594 5279 1.98
4160 1910 1.98
4296 713 1.98
4637 2787 1.98
4776 346 1.98
5177 3088 1.98
111 4760 1.99
551 5912 1.99
787 2206 1.99
999 565 1.99
1218 1306 1.99
1225 619 1.99
1458 3666 1.99
1769 3896 1.99
1770 2134 1.99
1860 5320 1.99
1867 3555 1.99
2294 29 1.99
2879 1257 1.99
3432 5196 1.99
3600 139 1.99
4247 4918 1.99
4314 834 1.99
4456 5035 1.99
4611 467 1.99
5548 4629 1.99
5842 577 1.99
12 4361 2
152 1437 2
161 3060 2
243 4289 2
638 5256 2
1057 2796 2
2018 4935 2
2904 3050 2
3606 2708 2
3773 390 2
4574 5226 2
4611 3576 2
5719 5909 2
5820 5457 2
350 2933 2.01
466 414 2.01
687 2229 2.01
978 5809 2.01
1609 1988 2.01
2008 3713 2.01
3985 5652 2.01
4208 4659 2.01
4948 3914 2.01
5152 188 2.01
5389 164 2.01
748 3677 2.02
939 5058 2.02
2038 4881 2.02
2852 1398 2.02
2896 2433 2.02
3021 322 2.02
3720 3021 2.02
4103 5742 2.02
4353 758 2.02
4445 1024 2.02
5174 4199 2.02
5455 2028 2.02
827 1844 2.03
1127 9 2.03
1681 2156 2.03
1841 87 2.03
1973 3890 2.03
2822 4217 2.03
3065 5450 2.03
3264 4784 2.03
3269 2639 2.03
3378 3261 2.03
3398 3081 2.03
3543 4157 2.03
4269 1418 2.03
360 4020 2.04
368 4645 2.04
583 214 2.04
606 5160 2.04
675 2651 2.04
1523 1509 2.04
1695 515 2.04
2285 3107 2.04
2302 2863 2.04
2936 1819 2.04
3566 2416 2.04
4635 148 2.04
4996 5030 2.04
5044 1591 2.04
5994 4944 2.04
289 3262 2.05
1038 770 2.05
1221 4958 2.05
2241 3655 2.05
2507 4973 2.05
3163 3442 2.05
4464 4443 2.05
4591 4870 2.05
4672 3123 2.05
5293 1015 2.05
5653 968 2.05
416 1194 2.06
540 2597 2.06
767 4754 2.06
1827 1203 2.06
2193 4415 2.06
3248 2769 2.06
3301 451 2.06
4703 1420 2.06
4815 1867 2.06
5454 3040 2.06
5759 2234 2.06
5885 1994 2.06
34 848 2.07
393 4695 2.07
671 4383 2.07
904 3980 2.07
1783 4914 2.07
1915 1432 2.07
2071 1097 2.07
2487 316 2.07
4928 3039 2.07
5190 2943 2.07
5395 3706 2.07
5897 5873 2.07
643 2831 2.08
3176 913 2.08
3538 4628 2.08
4177 3484 2.08
4598 4404 2.08
5151 1576 2.08
5450 3231 2.08
5947 228 2.08
54 3298 2.09
1784 1653 2.09
1911 1213 2.09
4253 2691 2.09
4975 2654 2.09
5707 5478 2.09
5714 2625 2.09
5834 4677 2.09
19 2613 2.1
1206 5607 2.1
1354 4740 2.1
2385 1072 2.1
3221 5256 2.1
4030 220 2.1
4335 4505 2.1
5019 4374 2.1
5346 1352 2.1
5591 2952 2.1
5738 1804 2.1
5903 5375 2.1
36 5619 2.11
647 3096 2.11
770 2483 2.11
1021 914 2.11
1403 762 2.11
1507 4318 2.11
2975 2630 2.11
3613 5221 2.11
4317 3182 2.11
4363 2645 2.11
4816 1476 2.11
5748 3302 2.11
173 5652 2.12
317 4555 2.12
1059 2894 2.12
1064 3100 2.12
1631 3379 2.12
2454 2482 2.12
2471 2108 2.12
2530 5080 2.12
3173 3737 2.12
3505 4880 2.12
3928 5011 2.12
4248 5869 2.12
4301 51 2.12
5468 4549 2.12
5780 2446 2.12
105 1461 2.13
585 4249 2.13
1754 4172 2.13
3073 5137 2.13
3854 511 2.13
4599 5315 2.13
5880 5111 2.13
303 4594 2.14
960 1080 2.14
1264 4278 2.14
1300 3896 2.14
2081 5783 2.14
3090 5997 2.14
3400 3970 2.14
4054 911 2.14
4275 469 2.14
269 4695 2.15
872 1 2.15
1963 560 2.15
2546 1020 2.15
4777 5148 2.15
5009 954 2.15
5017 456 2.15
5167 2286 2.15
5321 5912 2.15
324 2812 2.16
401 2578 2.16
848 4605 2.16
1077 5510 2.16
1456 5544 2.16
2378 4063 2.16
3842 2107 2.16
3993 4740 2.16
4790 984 2.16
4814 1469 2.16
5070 5660 2.16
5399 2418 2.16
5571 1972 2.16
5596 1895 2.16
5850 3429 2.16
1396 3208 2.17
1679 14 2.17
1814 2888 2.17
1913 3544 2.17
2645 1668 2.17
2927 1381 2.17
3407 1360 2.17
3752 4798 2.17
3919 885 2.17
4065 5011 2.17
4465 202 2.17
4467 5532 2.17
4701 5390 2.17
5826 3543 2.17
1139 1037 2.18
1838 4658 2.18
2587 4650 2.18
2835 3048 2.18
4056 5515 2.18
4405 2446 2.18
4788 3626 2.18
5206 5060 2.18
97 3762 2.19
234 3840 2.19
339 581 2.19
512 3552 2.19
686 5702 2.19
1198 3212 2.19
3028 3211 2.19
3249 2892 2.19
3264 5641 2.19
3530 2036 2.19
3749 4772 2.19
3928 3370 2.19
4681 5183 2.19
5738 4184 2.19
373 4205 2.2
598 4142 2.2
1912 4680 2.2
2476 5063 2.2
2572 2852 2.2
4105 4692 2.2
4279 4050 2.2
4967 1565 2.2
5965 1339 2.2
77 331 2.21
207 5492 2.21
250 5916 2.21
1281 4829 2.21
2336 1252 2.21
2356 1767 2.21
3326 1577 2.21
3484 4295 2.21
3510 4355 2.21
3954 234 2.21
4432 4711 2.21
4624 4746 2.21
4909 130 2.21
5088 1372 2.21
303 4535 2.22
488 3717 2.22
561 5684 2.22
1122 4771 2.22
2286 393 2.22
2289 1197 2.22
2937 1384 2.22
2996 3425 2.22
3381 1195 2.22
3437 2258 2.22
5315 3191 2.22
5402 3576 2.22
5974 3677 2.22
187 1658 2.23
1069 2634 2.23
1181 527 2.23
1997 329 2.23
2974 855 2.23
3267 357 2.23
3836 347 2.23
190 3515 2.24
197 627 2.24
663 5648 2.24
1279 4804 2.24
1742 4447 2.24
2650 3784 2.24
3587 3630 2.24
4802 3429 2.24
5722 1940 2.24
276 3175 2.25
473 1216 2.25
545 187 2.25
2011 3017 2.25
2326 5629 2.25
2593 3984 2.25
2848 5386 2.25
3185 1174 2.25
4253 2800 2.25
4289 4375 2.25
4538 2390 2.25
4732 2239 2.25
5677 265 2.25
1659 3320 2.26
2616 4062 2.26
3659 5791 2.26
4060 207 2.26
4882 709 2.26
5876 3746 2.26
5936 4511 2.26
900 2391 2.27
901 4033 2.27
1161 4955 2.27
1879 3973 2.27
2034 3548 2.27
3618 3817 2.27
4006 1993 2.27
369 4891 2.28
964 3413 2.28
1439 1229 2.28
2772 1786 2.28
3008 2843 2.28
3406 2943 2.28
4513 5099 2.28
4774 333 2.28
5840 2540 2.28
463 4861 2.29
1321 3589 2.29
1448 5580 2.29
1668 5706 2.29
1843 4408 2.29
2016 3235 2.29
2238 1983 2.29
2711 3730 2.29
2790 2467 2.29
3154 1075 2.29
4999 17 2.29
5727 2657 2.29
396 3022 2.3
476 4271 2.3
3030 2494 2.3
3246 3358 2.3
3404 3259 2.3
3690 1117 2.3
3763 3853 2.3
4399 3106 2.3
4868 5098 2.3
808 5614 2.31
1289 3665 2.31
1480 1154 2.31
2046 951 2.31
2254 451 2.31
3654 4881 2.31
5127 1341 2.31
5402 1017 2.31
5443 670 2.31
5453 3464 2.31
5819 5450 2.31
2226 1442 2.32
2383 3951 2.32
3658 365 2.32
3710 181 2.32
5448 1925 2.32
5669 384 2.32
5794 4782 2.32
569 1977 2.33
1980 2041 2.33
2437 4095 2.33
3795 2985 2.33
4076 714 2.33
5820 2591 2.33
5864 5306 2.33
298 3600 2.34
578 2728 2.34
710 3499 2.34
747 4020 2.34
1399 358 2.34
3551 2227 2.34
3992 2224 2.34
4988 2448 2.34
5266 3428 2.34
56 5155 2.35
2063 3821 2.35
3164 818 2.35
3201 1114 2.35
3864 2315 2.35
4308 4876 2.35
4371 153 2.35
4498 479 2.35
511 1346 2.36
1389 5185 2.36
1556 3064 2.36
2663 5296 2.36
2758 3449 2.36
3306 820 2.36
3455 5188 2.36
3832 3004 2.36
4442 2812 2.36
4504 4968 2.36
1632 5994 2.37
2034 850 2.37
2658 4646 2.37
2689 3171 2.37
2792 3203 2.37
2817 5397 2.37
5490 2010 2.37
5713 827 2.37
5750 4037 2.37
5789 5799 2.37
555 5152 2.38
862 2123 2.38
1073 140 2.38
1270 4060 2.38
2396 30 2.38
3303 1122 2.38
3342 1568 2.38
3660 5191 2.38
4860 1418 2.38
849 3277 2.39
868 5280 2.39
1640 1619 2.39
2071 1275 2.39
2160 3204 2.39
2319 762 2.39
3057 4616 2.39
3178 4901 2.39
3884 1186 2.39
4235 3001 2.39
5586 5870 2.39
479 367 2.4
838 2527 2.4
849 948 2.4
1766 5002 2.4
4422 2664 2.4
4483 460 2.4
5853 5075 2.4
5884 3572 2.4
431 4270 2.41
552 685 2.41
1459 4331 2.41
2578 5737 2.41
3886 2566 2.41
5903 2705 2.41
180 1391 2.42
421 1584 2.42
702 459 2.42
1195 2839 2.42
1326 4243 2.42
2901 3257 2.42
4724 2993 2.42
4953 5341 2.42
1354 2929 2.43
2214 655 2.43
2555 3453 2.43
2669 5878 2.43
2704 3836 2.43
3018 2041 2.43
3941 3744 2.43
4398 5260 2.43
4872 2627 2.43
4963 3282 2.43
306 2545 2.44
1658 2694 2.44
1962 3846 2.44
2443 3847 2.44
2913 1031 2.44
2982 5710 2.44
3478 1842 2.44
5660 5097 2.44
5663 2531 2.44
194 4885 2.45
743 1355 2.45
1761 2932 2.45
2221 2373 2.45
2397 4386 2.45
2842 284 2.45
2873 1272 2.45
3642 5233 2.45
3840 2021 2.45
3961 1552 2.45
2724 2619 2.46
2756 1372 2.46
2761 5333 2.46
3261 2777 2.46
3579 1079 2.46
3819 5934 2.46
4782 5091 2.46
5033 4952 2.46
5512 2785 2.46
38 4157 2.47
66 5759 2.47
764 3619 2.47
842 2953 2.47
1079 5460 2.47
1278 3205 2.47
1554 5543 2.47
1955 298 2.47
3617 2349 2.47
4485 1421 2.47
238 5326 2.48
308 1385 2.48
865 4225 2.48
2238 3090 2.48
3046 1955 2.48
3095 5271 2.48
4622 5061 2.48
5247 3725 2.48
5316 1244 2.48
3217 1627 2.49
4304 745 2.49
4797 3843 2.49
5844 2786 2.49
126 1487 2.5
1266 2951 2.5
3744 3638 2.5
4123 3757 2.5
4254 3275 2.5
4593 1396 2.5
5185 4711 2.5
312 1146 2.51
806 253 2.51
1235 2546 2.51
3283 2367 2.51
5558 3268 2.51
365 4858 2.52
1138 4956 2.52
1478 3613 2.52
1927 2654 2.52
3321 5435 2.52
4070 1352 2.52
468 531 2.53
1390 2195 2.53
1860 5939 2.53
4183 973 2.53
501 1437 2.54
591 3585 2.54
2516 4315 2.54
298 468 2.55
1283 2583 2.55
1551 3420 2.55
1606 2145 2.55
2702 1110 2.55
2776 3332 2.55
4108 2026 2.55
60 5486 2.56
1933 2328 2.56
2550 5362 2.56
3146 1522 2.56
446 3974 2.57
1514 2653 2.57
2758 2539 2.57
4081 324 2.57
1815 5161 2.58
2675 2292 2.58
2981 2997 2.58
3003 3910 2.58
4910 379 2.58
5056 1000 2.58
5557 4213 2.58
176 210 2.59
4399 1268 2.59
5999 4234 2.59
5 2857 2.6
1256 4490 2.6
1453 3393 2.6
2120 43 2.6
2393 3900 2.6
2564 5451 2.6
2653 1728 2.6
2759 3013 2.6
2978 1597 2.6
3485 2973 2.6
4241 3573 2.6
4675 4202 2.6
4747 1105 2.6
5206 1802 2.6
891 5956 2.61
1137 1355 2.61
2229 1315 2.61
2948 1541 2.61
3268 4808 2.61
4128 113 2.61
5091 4970 2.61
5980 5517 2.61
138 2862 2.62
523 466 2.62
1329 512 2.62
1827 4233 2.62
3850 4545 2.62
4517 6000 2.62
585 3811 2.63
2109 1527 2.63
2889 1523 2.63
3115 5704 2.63
4414 3897 2.63
5710 3859 2.63
1596 2369 2.64
3969 163 2.64
4800 3136 2.64
5263 4836 2.64
5285 1812 2.64
5496 2582 2.64
291 1800 2.65
1240 3140 2.65
1683 1483 2.65
2532 3025 2.65
2726 1050 2.65
3375 1916 2.65
3571 4865 2.65
3874 952 2.65
3981 383 2.65
5098 1524 2.65
5469 801 2.65
953 4443 2.66
999 737 2.66
1009 500 2.66
1941 216 2.66
2326 5469 2.66
2675 4979 2.66
3052 859 2.66
3213 3805 2.66
3591 4783 2.66
3859 2275 2.66
304 2425 2.67
810 5959 2.67
1383 3022 2.67
2090 498 2.67
2230 3047 2.67
3214 2606 2.67
3255 5687 2.67
3284 822 2.67
3307 175 2.67
3340 950 2.67
4634 4154 2.67
4738 295 2.67
5328 117 2.67
5464 2248 2.67
5720 3899 2.67
5891 2717 2.67
5962 356 2.67
27 5256 2.68
485 3682 2.68
1116 4011 2.68
2554 2341 2.68
3397 5503 2.68
3782 2854 2.68
4795 5089 2.68
5314 3390 2.68
321 3948 2.69
445 5518 2.69
1174 5206 2.69
1421 5332 2.69
2155 2697 2.69
2816 3912 2.69
782 5872 2.7
1422 2181 2.7
1828 3127 2.7
3263 3589 2.7
5781 562 2.7
484 519 2.71
942 5672 2.71
1131 3739 2.71
1959 3035 2.71
2527 3168 2.71
4105 3027 2.71
4218 2401 2.71
4338 3721 2.71
4390 5442 2.71
4510 1853 2.71
4681 5833 2.71
5135 1580 2.71
5698 532 2.71
1387 387 2.72
1486 1601 2.72
1739 5642 2.72
1889 1820 2.72
1987 397 2.72
2377 4476 2.72
2447 1023 2.72
2822 2661 2.72
3618 2261 2.72
3899 3885 2.72
4584 5908 2.72
5369 77 2.72
2415 4670 2.73
3695 4861 2.73
5973 4541 2.73
342 1950 2.74
617 2224 2.74
746 2543 2.74
1549 1317 2.74
3113 4475 2.74
3459 2084 2.74
5164 4780 2.74
5731 2828 2.74
1755 39 2.75
1920 185 2.75
1970 2770 2.75
3073 2167 2.75
3360 707 2.75
4584 3668 2.75
5961 1 2.75
1448 694 2.76
1489 1471 2.76
4220 4610 2.76
3238 4022 2.77
4168 1479 2.77
4204 2618 2.77
5599 931 2.77
1856 3404 2.78
2766 3611 2.78
2768 4619 2.78
2971 5714 2.78
3702 2749 2.78
5342 3463 2.78
5570 3750 2.78
5751 507 2.78
230 236 2.79
1048 1175 2.79
2547 1483 2.79
2767 922 2.79
3037 1366 2.79
3129 4098 2.79
4884 957 2.79
556 2372 2.8
1808 245 2.8
2504 4049 2.8
4763 3695 2.8
5805 612 2.8
1066 4585 2.81
1184 2659 2.81
1928 2432 2.81
3145 2867 2.81
3400 309 2.81
4829 2872 2.81
5435 5235 2.81
687 5861 2.82
1095 2389 2.82
3171 4997 2.82
3604 3454 2.82
4757 4476 2.82
3591 5951 2.83
3688 2030 2.83
4657 740 2.83
128 2999 2.84
387 2243 2.84
497 625 2.84
1615 4328 2.84
179 5406 2.85
738 3457 2.85
1550 3701 2.85
3274 4021 2.85
3550 5901 2.85
4283 3766 2.85
5398 4237 2.85
41 3998 2.86
232 2874 2.86
240 5651 2.86
633 1265 2.86
3509 757 2.86
4122 3851 2.86
4445 4287 2.86
4544 598 2.86
1311 1046 2.87
2119 2331 2.87
2368 1829 2.87
3728 1475 2.87
3852 2789 2.87
4882 2599 2.87
5276 3020 2.87
5925 3546 2.87
57 4029 2.88
146 5037 2.88
396 3673 2.88
2388 723 2.88
2688 4319 2.88
5214 3793 2.88
667 74 2.89
3210 4052 2.89
3972 4950 2.9
5431 264 2.9
283 5464 2.91
2031 3511 2.91
3530 2947 2.91
3768 2411 2.91
4044 2824 2.91
5597 3409 2.91
5771 4030 2.91
5799 1465 2.91
572 394 2.92
3194 2385 2.92
3838 5721 2.92
4120 4441 2.92
4198 4565 2.92
5687 1585 2.92
900 5747 2.93
1512 1312 2.93
1646 1817 2.93
1837 1064 2.93
3701 1705 2.93
996 3396 2.94
4166 642 2.94
4420 4801 2.94
5409 5830 2.94
5984 749 2.94
1934 2855 2.95
2738 894 2.95
3677 4231 2.95
3801 5851 2.95
4386 1006 2.95
2140 4560 2.96
2437 5057 2.96
3521 910 2.96
3816 3841 2.96
5029 3367 2.96
5652 74 2.96
906 2178 2.97
1413 688 2.97
1556 4959 2.97
5488 1416 2.97
292 155 2.98
293 2176 2.98
698 492 2.98
1828 4950 2.98
2263 5525 2.98
2714 5735 2.98
3182 1254 2.98
4343 3638 2.98
5429 3847 2.98
1732 5245 2.99
3177 1451 2.99
3559 2859 2.99
3614 4158 2.99
5571 189 2.99
1623 3829 3
1782 5859 3
2666 1484 3
4174 2106 3
1788 3862 3.01
2128 2251 3.01
3486 4789 3.01
3770 3323 3.01
64 765 3.02
941 2347 3.02
1466 958 3.02
2013 112 3.02
1329 2740 3.03
1343 1439 3.03
3053 5672 3.03
4074 5286 3.03
4377 916 3.03
4965 4119 3.03
1110 918 3.04
1185 2672 3.04
1823 5908 3.04
1854 5063 3.04
3012 1803 3.04
4588 5766 3.04
105 2244 3.05
795 2806 3.05
1128 4847 3.05
1190 4494 3.05
2764 3736 3.05
3121 3252 3.05
228 2784 3.06
294 5731 3.06
3128 5732 3.06
3788 3833 3.06
5949 4064 3.06
3039 2269 3.07
4567 2427 3.07
5424 1336 3.07
196 1776 3.08
296 5309 3.08
2080 1909 3.08
2475 2062 3.08
1918 5799 3.09
2009 1150 3.09
2315 599 3.09
2887 3292 3.09
4211 2033 3.09
4803 1352 3.09
5238 4267 3.09
1211 4446 3.1
1498 3891 3.1
1521 5386 3.1
1533 1556 3.1
2529 5882 3.1
3764 917 3.1
3776 5268 3.1
4341 476 3.1
5429 4429 3.1
205 45 3.11
1665 5609 3.11
2133 5338 3.11
2624 3056 3.11
5046 3795 3.11
5683 962 3.11
5876 5267 3.11
4563 4601 3.12
5212 208 3.12
5628 761 3.12
5886 2115 3.12
476 2859 3.13
2018 3601 3.13
2294 1729 3.13
2858 4628 3.13
3139 2029 3.13
3504 1402 3.13
3850 3743 3.13
4300 5867 3.13
984 4031 3.14
2672 4936 3.14
2687 736 3.14
4352 258 3.14
622 4734 3.15
2234 1750 3.15
2362 5358 3.15
3601 4155 3.15
5985 2329 3.15
2310 1588 3.16
2686 3376 3.16
2841 632 3.16
2875 2924 3.16
4276 5916 3.16
5808 1602 3.16
5899 2097 3.16
25 5377 3.17
177 3017 3.17
3510 784 3.17
4120 1217 3.17
4317 4245 3.17
5313 9 3.17
5355 2372 3.17
5369 5227 3.17
5814 462 3.17
870 673 3.18
1740 3486 3.18
2412 2774 3.18
4032 610 3.18
5536 302 3.18
5618 2805 3.18
1993 244 3.19
2779 1201 3.19
3230 2171 3.19
1886 3254 3.2
4643 609 3.2
5765 2005 3.2
247 3067 3.21
2604 2001 3.21
3395 4933 3.21
3795 40 3.21
3974 1253 3.21
5058 2048 3.21
5739 5370 3.21
5838 4603 3.21
298 4342 3.22
1953 4730 3.22
3213 2656 3.22
5534 5993 3.22
903 127 3.23
3558 4030 3.23
4709 4039 3.23
609 4838 3.24
2958 3799 3.24
3717 4845 3.24
1311 3826 3.25
1835 2737 3.25
2867 1822 3.25
3965 2177 3.25
4538 5199 3.25
5095 790 3.25
5364 1075 3.25
5453 1533 3.25
5762 1637 3.25
446 5001 3.26
1442 3521 3.26
2306 5538 3.26
2865 5053 3.26
3182 401 3.26
3943 4372 3.26
1335 5955 3.27
3499 144 3.27
3998 169 3.27
4133 310 3.27
4343 5755 3.27
3854 3966 3.28
4674 412 3.28
5820 3751 3.28
288 5389 3.29
643 3587 3.29
1883 2077 3.29
2912 5320 3.29
1052 1951 3.3
2172 3174 3.3
2296 253 3.3
5498 3404 3.3
103 3811 3.31
395 4430 3.31
1179 3141 3.31
3712 544 3.31
4719 1847 3.31
5090 3495 3.31
5131 4805 3.31
5888 5931 3.31
1040 3580 3.33
1855 5361 3.33
2072 1243 3.33
3442 5292 3.33
3873 5966 3.33
5263 2956 3.33
1781 4749 3.34
2334 4678 3.34
2815 1376 3.34
3047 5744 3.34
3215 4072 3.34
3456 491 3.34
4644 148 3.34
1712 2867 3.35
1724 3761 3.35
2381 2653 3.35
5713 2730 3.35
5630 4350 3.36
2540 3435 3.37
2969 2832 3.37
3519 1946 3.37
4240 3148 3.37
5362 2537 3.37
836 4710 3.38
1738 1493 3.39
2064 974 3.39
2151 3871 3.39
2710 1149 3.39
2826 657 3.39
5198 156 3.39
2007 5393 3.4
2508 3187 3.4
3532 164 3.4
5566 4085 3.4
350 1432 3.41
651 2821 3.41
1677 2010 3.41
3702 2628 3.41
4036 5849 3.41
4640 1101 3.41
5943 4411 3.41
1773 1643 3.42
2142 1376 3.42
4398 1468 3.42
3481 3016 3.43
2815 5835 3.44
3325 2585 3.44
3486 3387 3.44
3865 2782 3.44
2826 1165 3.45
2208 3166 3.46
3133 5573 3.46
575 4804 3.47
3644 2606 3.47
4607 4232 3.47
5093 5229 3.47
531 90 3.48
1144 2410 3.48
3169 1049 3.48
5699 2748 3.48
3822 1130 3.49
4290 3422 3.49
3296 3837 3.5
4406 323 3.5
4671 3700 3.5
5372 5170 3.5
1159 2209 3.51
5053 471 3.51
158 1123 3.52
1208 3479 3.53
2527 2961 3.53
1076 2964 3.54
4151 3099 3.54
4323 3324 3.54
4673 5012 3.54
5828 3445 3.54
928 1710 3.55
1169 5708 3.55
2569 3923 3.55
3205 649 3.55
3471 2342 3.55
4986 958 3.55
5857 1232 3.55
563 4822 3.56
601 1907 3.56
838 4581 3.56
1815 937 3.56
4589 1293 3.57
4618 4998 3.57
2429 3737 3.58
3225 166 3.58
52 5537 3.59
2721 2150 3.59
3269 3504 3.59
3421 3109 3.6
5282 1689 3.6
5326 970 3.61
200 2335 3.62
702 731 3.62
2298 3621 3.62
5690 186 3.62
3735 5766 3.63
5247 4337 3.63
858 3462 3.65
1036 3513 3.65
5368 3435 3.65
1152 2098 3.66
2682 1840 3.66
3607 4937 3.66
4477 1737 3.66
4500 2102 3.66
5603 1553 3.66
668 3172 3.67
2309 5511 3.67
3599 3934 3.67
5110 2293 3.67
9 241 3.68
5273 1031 3.68
2993 538 3.69
3019 3565 3.69
3380 5676 3.69
4075 2720 3.69
5853 845 3.7
1699 5921 3.71
4614 5318 3.71
5144 4097 3.71
5485 3345 3.71
305 5566 3.72
698 268 3.72
3692 807 3.72
314 4003 3.74
2679 1602 3.74
3132 981 3.74
4340 877 3.74
5200 3641 3.76
773 978 3.77
2516 2586 3.77
5217 3189 3.77
4612 5317 3.78
5096 4699 3.78
5237 1725 3.78
2379 529 3.79
3306 1549 3.79
3536 3240 3.79
5437 539 3.79
4798 5082 3.8
5926 4985 3.81
4929 3606 3.82
4995 5764 3.82
5920 914 3.82
4435 4455 3.83
2414 1870 3.84
1818 265 3.86
2712 403 3.86
4919 5653 3.86
5574 3139 3.86
364 5838 3.87
675 2793 3.87
1337 2526 3.87
1600 5908 3.87
2359 2551 3.88
789 3761 3.89
840 3226 3.89
1954 2268 3.89
2664 1477 3.89
833 1095 3.9
5461 4945 3.9
738 1629 3.91
3004 3142 3.91
220 3068 3.92
1294 5059 3.92
4915 4669 3.92
44 3443 3.93
3362 1923 3.93
3702 4930 3.93
4268 5251 3.93
4771 4266 3.93
5465 3167 3.95
480 1788 3.96
979 2436 3.96
3745 1574 3.96
5721 3373 3.96
422 2435 3.97
5715 1474 3.97
2012 3849 3.98
4 2938 3.99
1943 5296 3.99
5293 199 3.99
2152 5089 4
2991 5745 4
4264 3319 4
2012 4528 4.01
1666 4339 4.02
2628 4330 4.02
5540 1121 4.02
976 5967 4.03
2033 70 4.03
1096 1140 4.04
2043 2305 4.04
2418 2333 4.04
5573 2218 4.04
1722 1221 4.05
5211 5171 4.05
1176 3524 4.06
2757 4894 4.06
2798 4809 4.06
1307 2433 4.07
2307 1250 4.07
1112 5464 4.08
3754 4678 4.08
1454 3547 4.09
144 3906 4.1
4649 3068 4.1
4984 3416 4.1
2205 634 4.11
3502 2834 4.11
5096 562 4.11
1372 5679 4.12
3712 5730 4.12
981 4564 4.13
2040 1792 4.13
4189 5800 4.13
5529 1396 4.13
5799 4452 4.13
4140 767 4.14
4474 5712 4.14
1380 3919 4.15
3153 3587 4.15
5534 4727 4.15
5917 784 4.15
2091 5474 4.16
5145 445 4.16
5816 3673 4.16
262 4527 4.17
5113 307 4.17
5495 5430 4.18
3312 2303 4.19
1319 5707 4.2
2693 2116 4.2
2906 3762 4.2
3889 3472 4.2
215 5249 4.22
854 2413 4.22
5785 5700 4.22
1512 1985 4.23
2524 4339 4.23
3838 2846 4.23
4980 5842 4.23
5726 853 4.23
231 3429 4.24
3595 2380 4.24
4017 520 4.25
2335 5616 4.26
4444 5476 4.26
3456 5962 4.27
5717 4945 4.28
5942 2350 4.28
2068 300 4.29
5210 765 4.3
3487 3381 4.31
5433 5328 4.31
2459 5066 4.32
2631 2215 4.32
3762 843 4.32
5621 1354 4.32
290 2074 4.33
490 1881 4.33
884 2432 4.33
1780 4572 4.33
3384 5810 4.34
5416 4682 4.34
5780 2997 4.34
2409 380 4.35
3455 2137 4.35
4622 1078 4.35
1343 2640 4.38
679 3842 4.39
213 5055 4.41
2138 98 4.41
1336 325 4.42
4470 2731 4.42
520 5072 4.43
1094 5086 4.43
2755 3559 4.43
3530 2394 4.44
3865 5577 4.44
594 5504 4.45
5219 4411 4.46
5931 1472 4.46
3244 1984 4.47
3984 4951 4.48
3431 5146 4.49
5633 2916 4.49
1298 4304 4.5
5856 4043 4.5
3757 1019 4.51
3662 4078 4.52
1603 3224 4.55
4349 3852 4.56
853 5741 4.57
4989 553 4.57
5659 1378 4.58
274 5130 4.59
3953 1443 4.59
5904 4193 4.59
4985 4686 4.6
2270 3627 4.61
3460 4255 4.61
993 698 4.62
1751 5447 4.62
327 2247 4.67
5866 1194 4.67
2527 4781 4.68
2270 3532 4.7
1041 2451 4.71
4637 3921 4.71
1117 2365 4.72
1575 3705 4.72
1151 2277 4.75
5154 3467 4.75
387 5996 4.76
3059 2093 4.76
4491 4852 4.76
641 2013 4.78
1873 4190 4.79
4652 1495 4.79
91 3457 4.8
1425 4103 4.8
5508 2534 4.8
5620 3202 4.8
6 2239 4.81
1459 5830 4.82
4179 340 4.82
5970 845 4.82
3016 450 4.83
4508 5052 4.84
1567 1538 4.86
3429 5176 4.86
4470 424 4.86
93 411 4.87
2414 2421 4.87
5399 554 4.87
5932 4538 4.87
1923 242 4.88
3347 3168 4.88
499 106 4.89
829 2196 4.89
5697 3065 4.89
198 600 4.9
208 5507 4.9
442 4912 4.9
1768 670 4.9
2094 4307 4.92
3491 5505 4.93
4594 5522 4.93
2202 915 4.94
2380 2377 4.95
3253 3916 4.95
5766 5569 4.95
1473 1482 5.01
1667 1354 5.02
2928 5043 5.02
3823 4463 5.03
5897 423 5.05
766 4302 5.06
1161 2253 5.06
3970 4749 5.06
5241 5576 5.06
5056 1351 5.08
5843 4392 5.09
3469 1674 5.1
3097 5075 5.11
2500 1276 5.12
4793 4313 5.14
3503 2598 5.15
4533 150 5.17
2817 4149 5.22
5537 1074 5.22
5556 1098 5.23
2457 4269 5.24
5441 4973 5.26
3318 5887 5.27
3669 1700 5.27
3963 835 5.27
1100 1829 5.29
3091 5741 5.29
5974 1003 5.33
5821 4897 5.34
5169 2085 5.36
265 2715 5.37
1318 5887 5.38
4316 5794 5.45
1371 5273 5.47
5360 3528 5.48
483 4539 5.5
3925 2139 5.53
4217 2266 5.53
4799 192 5.56
1624 5701 5.57
967 990 5.58
5634 116 5.61
438 2003 5.66
1727 5101 5.67
2347 71 5.69
5298 5969 5.69
1300 2803 5.71
1455 1911 5.75
824 1924 5.81
4094 5172 5.81
3124 2827 5.82
1117 3624 5.84
2408 2987 5.85
317 3915 5.86
3116 5598 5.88
4913 5922 5.91
5300 1605 5.91
5986 4949 5.92
3318 2265 5.95
1348 4722 5.96
3622 2203 5.98
5992 2605 6.01
2676 4830 6.04
2143 20 6.1
4721 742 6.15
2967 224 6.26
4403 1044 6.27
1430 5694 6.32
1004 3554 6.36
1005 2562 6.37
5026 5591 6.4
81 3844 6.41
3262 579 6.51
2567 5539 6.57
4284 3378 6.57
1559 1131 6.58
1884 3604 6.62
5894 5790 6.68
3820 367 6.71
4620 4632 6.82
597 1878 6.83
5205 5466 6.83
2608 837 6.85
4420 2941 6.86
3886 3967 6.92
4493 5647 6.93
1569 3978 7.05
2153 374 7.1
5484 1467 7.11
4286 236 7.34
513 3869 7.4
16 3181 7.41
4381 2049 7.46
1260 5455 7.49
4701 2520 7.53
100 587 7.57
1745 1242 7.57
5069 3074 7.71
5192 2764 7.74
3824 5038 7.85
4564 2431 7.86
1543 2681 7.88
5666 2327 7.94
3813 733 7.98
2075 3525 8
4561 2747 8.05
5971 2739 8.42
5137 546 8.6
3628 5311 8.86
4410 4013 9.17
775 3365 9.2
5905 71 9.48
52 53 9.99
113 114 9.99
1295 1296 9.99
