2000
1999
455 751 0.01
639 203 0.01
783 1404 0.01
949 1921 0.01
1110 540 0.01
1193 1746 0.01
1403 1009 0.01
1531 853 0.01
1683 292 0.01
122 1557 0.02
996 1841 0.02
1314 454 0.02
1469 1338 0.02
1485 530 0.02
1693 458 0.02
1705 155 0.02
1741 702 0.02
1811 1872 0.02
1865 406 0.02
1954 276 0.02
1984 51 0.02
75 982 0.03
134 1989 0.03
260 1526 0.03
898 84 0.03
1099 1329 0.03
1526 1095 0.03
1623 20 0.03
171 644 0.04
615 986 0.04
1198 933 0.04
1236 1242 0.04
1358 670 0.04
1470 1727 0.04
1473 1651 0.04
1590 1334 0.04
183 1071 0.05
281 651 0.05
544 826 0.05
712 1095 0.05
803 1197 0.05
1093 1608 0.05
1173 1788 0.05
1946 1513 0.05
181 175 0.06
443 1505 0.06
1022 163 0.06
1162 1605 0.06
1617 1009 0.06
1714 1787 0.06
1726 1497 0.06
1881 409 0.06
225 1037 0.07
630 1999 0.07
781 642 0.07
1256 210 0.07
1331 1158 0.07
1585 1035 0.07
1750 874 0.07
22 1183 0.08
111 38 0.08
441 1428 0.08
654 1669 0.08
736 449 0.08
840 1953 0.08
871 322 0.08
1172 1263 0.08
1327 1098 0.08
1444 713 0.08
1676 830 0.08
1823 1068 0.08
75 86 0.09
280 1366 0.09
299 1592 0.09
465 311 0.09
1239 145 0.09
1245 586 0.09
173 1660 0.1
537 567 0.1
1376 1148 0.1
1586 25 0.1
1711 585 0.1
1744 1972 0.1
1966 47 0.1
99 696 0.11
303 57 0.11
465 1194 0.11
720 801 0.11
951 877 0.11
1409 134 0.11
1874 175 0.11
178 1885 0.12
429 144 0.12
1084 1649 0.12
1394 457 0.12
1445 842 0.12
1776 1984 0.12
362 49 0.13
535 1479 0.13
858 790 0.13
924 157 0.13
1023 195 0.13
1369 1740 0.13
1503 1375 0.13
1649 170 0.13
1770 121 0.13
1943 281 0.13
376 263 0.14
529 590 0.14
1159 1612 0.14
1398 1653 0.14
1974 1652 0.14
57 1846 0.15
1194 1312 0.15
1788 858 0.15
185 362 0.16
1455 523 0.16
1750 1278 0.16
1965 1737 0.16
1999 1376 0.16
299 1607 0.17
420 1362 0.17
1103 1066 0.17
1165 1412 0.17
1421 1866 0.17
1466 610 0.17
1551 5 0.17
1571 408 0.17
183 514 0.18
188 939 0.18
590 432 0.18
634 1845 0.18
682 1194 0.18
724 1938 0.18
733 295 0.18
857 684 0.18
1726 1232 0.18
894 1821 0.19
1111 117 0.19
1129 1140 0.19
1292 711 0.19
1468 424 0.19
1872 1790 0.19
1981 1171 0.19
15 992 0.2
162 1462 0.2
393 1893 0.2
521 1524 0.2
646 747 0.2
656 1461 0.2
764 1020 0.2
977 1384 0.2
1341 1929 0.2
1473 335 0.2
1520 1800 0.2
1840 701 0.2
46 311 0.21
119 1014 0.21
729 1680 0.21
899 862 0.21
1003 1071 0.21
1132 612 0.21
1250 363 0.21
1447 1782 0.21
1672 984 0.21
1784 1010 0.21
102 1452 0.22
401 551 0.22
668 1457 0.22
782 1262 0.22
945 1257 0.22
1255 1940 0.22
1758 1231 0.22
1893 1206 0.22
158 391 0.23
478 1786 0.23
1527 1736 0.23
1759 1820 0.23
1930 1803 0.23
361 1118 0.24
400 1405 0.24
432 1913 0.24
550 1037 0.24
575 496 0.24
588 1852 0.24
639 806 0.24
897 1695 0.24
1391 805 0.24
1575 1759 0.24
1778 445 0.24
1873 250 0.24
173 1324 0.25
267 1581 0.25
832 1548 0.25
898 238 0.25
938 1560 0.25
1032 1950 0.25
1075 1062 0.25
1096 1900 0.25
1161 485 0.25
1187 690 0.25
1276 387 0.25
1494 1999 0.25
1676 778 0.25
1866 1935 0.25
2 876 0.26
709 1200 0.26
1672 1518 0.26
1958 1198 0.26
432 1745 0.27
787 91 0.27
1455 1668 0.27
1546 1414 0.27
1561 1436 0.27
1824 1933 0.27
1825 1446 0.27
1876 1606 0.27
32 652 0.28
86 1654 0.28
217 252 0.28
299 207 0.28
305 29 0.28
407 1207 0.28
487 1500 0.28
993 490 0.28
1061 735 0.28
1422 363 0.28
1475 1145 0.28
1613 1300 0.28
1760 1230 0.28
1872 1455 0.28
76 994 0.29
143 1139 0.29
590 323 0.29
632 795 0.29
853 1927 0.29
945 948 0.29
1008 35 0.29
1203 1429 0.29
1225 294 0.29
1283 1749 0.29
1745 65 0.29
62 480 0.3
386 273 0.3
400 658 0.3
719 261 0.3
1182 1793 0.3
1199 723 0.3
1414 957 0.3
1530 746 0.3
1603 1238 0.3
1919 1570 0.3
124 992 0.31
470 44 0.31
477 445 0.31
697 1094 0.31
1065 1072 0.31
1397 325 0.31
1583 667 0.31
1711 374 0.31
1717 222 0.31
1949 306 0.31
351 230 0.32
441 730 0.32
441 1889 0.32
1278 351 0.32
1531 19 0.32
1544 955 0.32
1643 1002 0.32
1864 185 0.32
120 379 0.33
148 458 0.33
474 1733 0.33
723 47 0.33
1063 1652 0.33
1100 1126 0.33
1102 668 0.33
1235 580 0.33
1365 1490 0.33
1680 1994 0.33
1894 1270 0.33
1159 1226 0.34
158 405 0.35
318 1039 0.35
776 816 0.35
931 423 0.35
1634 1959 0.35
1689 1381 0.35
1749 1720 0.35
1756 320 0.35
908 176 0.36
998 921 0.36
1043 482 0.36
7 628 0.37
647 1244 0.37
701 17 0.37
722 1887 0.37
740 318 0.37
949 795 0.37
1358 553 0.37
1576 582 0.37
1637 614 0.37
74 1437 0.38
436 694 0.38
639 824 0.38
968 1467 0.38
1254 1608 0.38
1620 136 0.38
1838 1704 0.38
658 1899 0.39
668 647 0.39
1115 752 0.39
1401 1936 0.39
1539 1743 0.39
1853 1129 0.39
1964 83 0.39
603 1574 0.4
700 1044 0.4
833 376 0.4
1282 40 0.4
1486 811 0.4
1641 272 0.4
1887 184 0.4
359 1885 0.41
653 1208 0.41
1361 1325 0.41
1405 1909 0.41
1429 1528 0.41
524 1722 0.42
571 51 0.42
613 841 0.42
704 215 0.42
1245 774 0.42
1383 1763 0.42
1589 1610 0.42
1663 227 0.42
233 262 0.43
248 1185 0.43
445 1900 0.43
549 1085 0.43
556 894 0.43
1227 1015 0.43
1300 641 0.43
1846 217 0.43
1980 214 0.43
257 1788 0.44
273 1348 0.44
668 1969 0.44
1063 1867 0.44
1165 665 0.44
1222 43 0.44
1246 495 0.44
1639 1554 0.44
112 839 0.45
318 33 0.45
517 1417 0.45
758 1391 0.45
1432 1054 0.45
1479 133 0.45
1575 1131 0.45
1731 1477 0.45
1930 397 0.45
339 1336 0.46
682 666 0.46
1534 820 0.46
58 1336 0.47
395 152 0.47
632 1437 0.47
1099 852 0.47
1275 703 0.47
1372 565 0.47
1601 272 0.47
1857 1474 0.47
29 1706 0.48
60 1523 0.48
181 1857 0.48
465 616 0.48
560 487 0.48
1207 1310 0.48
1797 14 0.48
178 977 0.49
745 849 0.49
1204 1620 0.49
1211 576 0.49
1325 1461 0.49
1616 822 0.49
1761 1704 0.49
1995 1200 0.49
334 1899 0.5
505 1630 0.5
991 1957 0.5
1244 1472 0.5
1287 823 0.5
167 1275 0.51
792 1446 0.51
1615 1665 0.51
1673 1830 0.51
1731 11 0.51
1943 349 0.51
147 164 0.52
855 1956 0.52
1137 1253 0.52
1142 684 0.52
1371 1689 0.52
1437 784 0.52
1958 1783 0.52
1997 780 0.52
1527 810 0.53
1565 1987 0.53
1654 261 0.53
83 338 0.54
282 921 0.54
374 1210 0.54
867 1335 0.54
890 1005 0.54
920 1932 0.54
1092 392 0.54
1284 963 0.54
1321 517 0.54
1379 110 0.54
1444 1735 0.54
1596 1255 0.54
1756 896 0.54
1903 1644 0.54
202 1981 0.55
328 51 0.55
822 322 0.55
945 1022 0.55
1730 1252 0.55
1759 1276 0.55
1765 1544 0.55
5 1202 0.56
239 851 0.56
1019 1398 0.56
1040 1835 0.56
1256 1862 0.56
1966 1525 0.56
20 1830 0.57
233 1981 0.57
464 1771 0.57
946 445 0.57
1041 1885 0.57
1389 692 0.57
1480 1152 0.57
1535 1638 0.57
1801 439 0.57
1897 1248 0.57
31 854 0.58
507 416 0.58
1040 1549 0.58
1326 1182 0.58
1686 452 0.58
836 1484 0.59
975 800 0.59
1266 1756 0.59
1522 687 0.59
1625 407 0.59
1760 1851 0.59
1951 359 0.59
281 1111 0.6
481 634 0.6
635 1991 0.6
849 1323 0.6
1736 625 0.6
54 1095 0.61
139 674 0.61
357 911 0.61
721 257 0.61
844 607 0.61
1899 328 0.61
1995 1181 0.61
295 1285 0.62
367 1980 0.62
578 1332 0.62
737 1813 0.62
884 1765 0.62
1080 1409 0.62
1093 1163 0.62
1216 1957 0.62
1687 1163 0.62
15 415 0.63
574 958 0.63
775 1220 0.63
804 532 0.63
917 891 0.63
1077 1758 0.63
1178 1445 0.63
1297 917 0.63
1552 1883 0.63
1641 769 0.63
1890 1011 0.63
128 405 0.64
290 1817 0.64
497 1850 0.64
631 192 0.64
765 422 0.64
784 1249 0.64
791 1211 0.64
1445 1698 0.64
1691 1506 0.64
1867 1236 0.64
1944 985 0.64
63 768 0.65
71 1385 0.65
104 1007 0.65
368 293 0.65
369 721 0.65
1441 1272 0.65
1469 1266 0.65
931 428 0.66
936 354 0.66
1157 479 0.66
1741 459 0.66
66 1865 0.67
429 975 0.67
922 1091 0.67
1059 883 0.67
1065 485 0.67
1520 447 0.67
1733 583 0.67
604 348 0.68
660 1829 0.68
698 1801 0.68
1326 389 0.68
1947 1367 0.68
1990 1427 0.68
308 87 0.69
933 507 0.69
1132 507 0.69
1433 1564 0.69
125 422 0.7
195 144 0.7
449 1393 0.7
686 1258 0.7
1023 649 0.7
1067 1129 0.7
1157 1609 0.7
1188 86 0.7
1193 1390 0.7
1348 1994 0.7
1592 1945 0.7
1600 591 0.7
1666 1512 0.7
1700 642 0.7
593 542 0.71
660 1947 0.71
668 590 0.71
1928 1228 0.71
21 1514 0.72
496 111 0.72
735 142 0.72
910 747 0.72
951 1816 0.72
954 1267 0.72
1139 1404 0.72
1242 510 0.72
1285 1622 0.72
1383 641 0.72
1438 1678 0.72
1516 1181 0.72
383 96 0.73
629 779 0.73
766 975 0.73
774 1819 0.73
1050 1971 0.73
1089 1248 0.73
1141 1771 0.73
1610 93 0.73
1631 389 0.73
1889 1905 0.73
411 457 0.74
636 76 0.74
743 873 0.74
1291 1236 0.74
21 41 0.75
26 1389 0.75
254 544 0.75
985 466 0.75
1961 1072 0.75
192 210 0.76
1257 1759 0.76
1728 1403 0.76
1729 140 0.76
783 1445 0.77
853 428 0.77
1456 1408 0.77
21 1285 0.78
149 1775 0.78
180 61 0.78
569 1257 0.78
625 690 0.78
676 804 0.78
683 1900 0.78
688 1059 0.78
766 622 0.78
1119 1077 0.78
1367 185 0.78
1616 355 0.78
1935 1774 0.78
72 1295 0.79
600 471 0.79
785 296 0.79
887 275 0.79
995 1878 0.79
1128 670 0.79
1334 1767 0.79
1917 1169 0.79
1918 195 0.79
303 1626 0.8
501 1808 0.8
1341 1938 0.8
1369 1417 0.8
1563 1592 0.8
1678 885 0.8
72 1003 0.81
923 470 0.81
971 1052 0.81
972 728 0.81
1189 500 0.81
1235 460 0.81
1741 457 0.81
376 502 0.82
392 922 0.82
466 1676 0.82
1197 990 0.82
1270 1397 0.82
1856 1542 0.82
33 832 0.83
487 1277 0.83
624 1014 0.83
926 1164 0.83
1295 301 0.83
1751 945 0.83
1787 1670 0.83
585 802 0.84
1008 1752 0.84
1418 1552 0.84
1518 1362 0.84
1985 1487 0.84
306 926 0.85
345 1055 0.85
460 1279 0.85
775 1446 0.85
1136 376 0.85
1272 569 0.85
1391 436 0.85
1447 168 0.85
1585 1397 0.85
1798 721 0.85
1928 70 0.85
259 1838 0.86
496 781 0.86
829 1761 0.86
866 1868 0.86
1358 882 0.86
1456 992 0.86
1571 1286 0.86
1929 1299 0.86
33 1841 0.87
819 291 0.87
944 1621 0.87
1212 1686 0.87
1221 669 0.87
1246 871 0.87
1316 183 0.87
1598 1374 0.87
44 1751 0.88
197 931 0.88
634 1411 0.88
1846 1843 0.88
124 1764 0.89
147 1407 0.89
215 976 0.89
255 603 0.89
483 558 0.89
683 1879 0.89
707 475 0.89
1383 1262 0.89
1385 1198 0.89
1521 1021 0.89
1684 317 0.89
1926 1430 0.89
370 1424 0.9
778 675 0.9
988 249 0.9
1439 1947 0.9
2 752 0.91
287 577 0.91
377 363 0.91
401 174 0.91
482 1196 0.91
663 1030 0.91
819 613 0.91
822 620 0.91
924 1644 0.91
970 374 0.91
1085 1341 0.91
1282 1881 0.91
1756 1662 0.91
1928 268 0.91
1942 977 0.91
1989 565 0.91
102 864 0.92
453 1877 0.92
594 1824 0.92
885 513 0.92
1157 1938 0.92
1303 1466 0.92
1560 427 0.92
1861 986 0.92
52 289 0.93
325 1472 0.93
507 1108 0.93
543 1620 0.93
573 102 0.93
1018 975 0.93
1074 1000 0.93
1349 800 0.93
1431 432 0.93
1795 256 0.93
1800 513 0.93
1881 600 0.93
173 444 0.94
1162 1236 0.94
1311 1815 0.94
1506 972 0.94
1809 1433 0.94
1830 876 0.94
169 981 0.95
184 1917 0.95
227 587 0.95
516 1678 0.95
605 1123 0.95
708 312 0.95
928 524 0.95
976 1780 0.95
1042 1594 0.95
1154 1541 0.95
1156 1728 0.95
1507 898 0.95
1643 37 0.95
1686 1309 0.95
1942 542 0.95
255 1610 0.96
525 1942 0.96
815 1844 0.96
1085 854 0.96
1541 1118 0.96
85 653 0.97
132 1561 0.97
210 80 0.97
257 1936 0.97
418 1717 0.97
490 1925 0.97
514 629 0.97
916 665 0.97
1390 620 0.97
1914 966 0.97
1994 496 0.97
327 1854 0.98
351 658 0.98
898 101 0.98
1493 534 0.98
1972 145 0.98
452 559 0.99
672 1652 0.99
694 39 0.99
735 465 0.99
812 1241 0.99
1028 212 0.99
1055 31 0.99
1253 1539 0.99
1328 941 0.99
1387 1278 0.99
1522 120 0.99
1777 862 0.99
1982 1454 0.99
32 1100 1
45 93 1
86 1097 1
223 1140 1
590 522 1
678 34 1
1302 625 1
1599 1182 1
1782 1259 1
324 51 1.01
472 1730 1.01
565 1383 1.01
589 777 1.01
637 74 1.01
717 1254 1.01
913 1903 1.01
1099 1035 1.01
1247 386 1.01
1451 636 1.01
1620 740 1.01
1716 1128 1.01
1727 429 1.01
1789 486 1.01
1023 903 1.02
1480 1122 1.02
1489 1809 1.02
1554 1164 1.02
1975 1874 1.02
306 116 1.03
538 1380 1.03
626 48 1.03
684 585 1.03
689 963 1.03
813 1858 1.03
817 752 1.03
1088 1080 1.03
1386 758 1.03
377 1352 1.04
644 1916 1.04
903 1284 1.04
924 1353 1.04
1007 170 1.04
1200 1862 1.04
1898 1106 1.04
462 864 1.05
573 101 1.05
646 1180 1.05
969 1477 1.05
2 185 1.06
60 670 1.06
86 155 1.06
571 1749 1.06
704 1848 1.06
712 978 1.06
861 84 1.06
1659 1920 1.06
124 1820 1.07
1139 1481 1.07
1327 1681 1.07
1405 1461 1.07
1478 826 1.07
1644 1337 1.07
1783 886 1.07
1839 1677 1.07
36 1952 1.08
106 924 1.08
280 1407 1.08
297 1787 1.08
430 1965 1.08
633 250 1.08
722 1664 1.08
770 347 1.08
825 1093 1.08
841 35 1.08
879 730 1.08
955 879 1.08
985 934 1.08
1043 633 1.08
1656 1686 1.08
23 1756 1.09
256 350 1.09
363 1648 1.09
614 1649 1.09
871 1000 1.09
997 797 1.09
25 1767 1.1
89 1174 1.1
260 187 1.1
649 824 1.1
763 1170 1.1
942 286 1.1
1080 1660 1.1
1266 971 1.1
1519 1746 1.1
1689 10 1.1
241 1219 1.11
1208 1168 1.11
1552 857 1.11
122 785 1.12
262 672 1.12
765 1309 1.12
878 1501 1.12
890 883 1.12
1049 11 1.12
1227 100 1.12
1361 1901 1.12
1447 1340 1.12
1668 568 1.12
195 219 1.13
222 1991 1.13
229 1208 1.13
261 321 1.13
417 1775 1.13
977 1654 1.13
1018 1909 1.13
161 1505 1.14
399 1662 1.14
813 1826 1.14
839 312 1.14
1174 1071 1.14
1201 754 1.14
1500 302 1.14
355 792 1.15
445 827 1.15
710 1855 1.15
785 712 1.15
975 402 1.15
1932 311 1.15
1105 1918 1.16
144 851 1.17
324 1701 1.17
859 683 1.17
1078 112 1.17
1120 182 1.17
1292 1197 1.17
1344 1175 1.17
1414 1775 1.17
1683 1815 1.17
452 1251 1.18
465 767 1.18
152 1648 1.19
595 1243 1.19
692 1839 1.19
735 110 1.19
1185 1605 1.19
1479 1669 1.19
375 1155 1.2
617 271 1.2
666 1346 1.2
1063 1836 1.2
1104 1417 1.2
1162 132 1.2
1334 1556 1.2
68 13 1.21
114 1549 1.21
191 1604 1.21
301 1951 1.21
310 1638 1.21
855 2 1.21
923 1948 1.21
1728 1420 1.21
350 169 1.22
407 1983 1.22
521 230 1.22
1000 518 1.22
1064 705 1.22
1148 1951 1.22
1181 1971 1.22
1446 712 1.22
71 1257 1.23
232 533 1.23
325 273 1.23
418 1055 1.23
441 1081 1.23
758 175 1.23
986 1321 1.23
1028 1079 1.23
1332 956 1.23
1381 1630 1.23
1570 1394 1.23
35 832 1.24
107 947 1.24
293 1695 1.24
512 1566 1.24
532 1199 1.24
829 27 1.24
898 1876 1.24
1784 75 1.24
1995 355 1.24
300 523 1.25
325 1356 1.25
363 1187 1.25
399 315 1.25
733 540 1.25
743 396 1.25
1035 1765 1.25
1051 1197 1.25
1096 32 1.25
1150 1019 1.25
1217 1186 1.25
1438 72 1.25
1463 462 1.25
1491 166 1.25
1640 1753 1.25
1871 625 1.25
41 79 1.26
557 1251 1.26
929 745 1.26
937 1569 1.26
1110 1670 1.26
1309 549 1.26
1457 229 1.26
1691 1739 1.26
1886 1116 1.26
1998 203 1.26
366 1080 1.27
810 235 1.27
1305 47 1.27
1695 1457 1.27
1896 679 1.27
1924 1207 1.27
118 813 1.28
201 95 1.28
563 158 1.28
798 1645 1.28
834 537 1.28
1459 357 1.28
1500 1912 1.28
1693 216 1.28
1706 229 1.28
18 697 1.29
124 767 1.29
173 1695 1.29
252 1809 1.29
1572 543 1.29
1687 171 1.29
1730 1951 1.29
1759 120 1.29
1772 1653 1.29
1774 1559 1.29
1870 475 1.29
81 433 1.3
713 540 1.3
778 112 1.3
874 1436 1.3
882 488 1.3
1465 289 1.3
1633 749 1.3
1828 308 1.3
219 1513 1.31
262 1536 1.31
277 1189 1.31
396 278 1.31
704 1349 1.31
1092 65 1.31
1328 1010 1.31
1468 1389 1.31
1852 719 1.31
1889 1793 1.31
72 974 1.32
366 415 1.32
404 419 1.32
587 1820 1.32
903 869 1.32
1718 1147 1.32
1877 1193 1.32
560 1991 1.33
1317 1988 1.33
1491 1458 1.33
5 909 1.34
1012 1635 1.34
1100 1870 1.34
1177 1880 1.34
1498 1609 1.34
1504 1196 1.34
1862 1685 1.34
171 1319 1.35
242 21 1.35
278 1133 1.35
396 415 1.35
855 367 1.35
1229 1778 1.35
1494 1342 1.35
1670 162 1.35
1768 178 1.35
1979 87 1.35
391 1657 1.36
423 1450 1.36
566 277 1.36
604 1340 1.36
796 564 1.36
925 629 1.36
1124 68 1.36
1441 1500 1.36
1706 1608 1.36
1714 1843 1.36
157 695 1.37
278 967 1.37
291 434 1.37
559 1924 1.37
713 693 1.37
1092 541 1.37
1306 1857 1.37
1526 1491 1.37
1953 182 1.37
39 1678 1.38
347 236 1.38
421 1833 1.38
1058 79 1.38
1329 346 1.38
1385 704 1.38
1430 1679 1.38
1433 978 1.38
1851 1406 1.38
130 257 1.39
151 621 1.39
659 535 1.39
1053 896 1.39
1093 1473 1.39
1118 523 1.39
1339 270 1.39
1912 450 1.39
549 1415 1.4
1031 1827 1.4
1097 1901 1.4
209 1446 1.41
239 497 1.41
439 613 1.41
556 1624 1.41
1205 1609 1.41
1514 1085 1.41
1600 1720 1.41
25 322 1.42
89 500 1.42
497 1419 1.42
1016 1139 1.42
1179 978 1.42
1235 1047 1.42
1569 1116 1.42
1711 1409 1.42
1890 1609 1.42
1978 1126 1.42
69 161 1.43
258 1737 1.43
280 684 1.43
462 1695 1.43
506 1180 1.43
972 559 1.43
1467 692 1.43
1725 350 1.43
189 603 1.44
1667 784 1.44
1865 960 1.44
1885 1949 1.44
244 714 1.45
334 1856 1.45
358 1650 1.45
771 1904 1.45
832 1891 1.45
853 779 1.45
1479 791 1.45
1614 1969 1.45
1972 257 1.45
26 637 1.46
332 1585 1.46
1271 248 1.46
1804 460 1.46
492 1647 1.47
613 284 1.47
791 824 1.47
804 1821 1.47
932 985 1.47
1014 1018 1.47
1329 912 1.47
1403 1528 1.47
1478 1530 1.47
1499 1341 1.47
1531 1476 1.47
332 150 1.48
505 1980 1.48
995 1089 1.48
1269 1936 1.48
1377 485 1.48
1401 708 1.48
1599 1786 1.48
1691 1293 1.48
1791 175 1.48
473 164 1.49
660 719 1.49
1061 1828 1.49
1392 194 1.49
1436 946 1.49
19 678 1.5
776 1427 1.5
990 136 1.5
1158 841 1.5
1254 1435 1.5
1592 547 1.5
1632 1895 1.5
1778 136 1.5
432 281 1.51
763 1268 1.51
1001 272 1.51
1724 228 1.51
1813 1168 1.51
45 89 1.52
118 654 1.52
539 160 1.52
662 258 1.52
766 1013 1.52
922 1560 1.52
1729 1313 1.52
142 1602 1.53
450 676 1.53
470 1028 1.53
546 371 1.53
702 1347 1.53
845 1559 1.53
979 1621 1.53
1253 804 1.53
1569 1098 1.53
1585 515 1.53
1777 625 1.53
139 1516 1.54
617 908 1.54
1078 449 1.54
1169 727 1.54
1287 1326 1.54
1371 826 1.54
1746 1567 1.54
400 218 1.55
499 50 1.55
1276 1638 1.55
1323 1474 1.55
592 1578 1.56
933 1124 1.56
950 1356 1.56
1248 1501 1.56
1287 1713 1.56
1321 633 1.56
1337 1733 1.56
1394 1698 1.56
1406 65 1.56
1852 1090 1.56
661 1982 1.57
688 303 1.57
1245 437 1.57
1316 1077 1.57
1395 1855 1.57
1794 469 1.57
1989 37 1.57
33 1553 1.58
918 1125 1.58
1223 640 1.58
1398 1061 1.58
1465 1769 1.58
1574 778 1.58
1653 1804 1.58
1976 1189 1.58
56 1018 1.59
105 183 1.59
149 1634 1.59
895 1118 1.59
981 1853 1.59
999 487 1.59
1746 1012 1.59
1890 1094 1.59
343 1185 1.6
919 1701 1.6
932 831 1.6
1087 1913 1.6
1199 564 1.6
1284 1403 1.6
1335 422 1.6
1382 1160 1.6
1438 744 1.6
1463 1503 1.6
1488 57 1.6
1641 279 1.6
2000 527 1.6
7 120 1.61
147 1802 1.61
386 1679 1.61
477 1355 1.61
1104 1240 1.61
1168 1184 1.61
1408 866 1.61
1535 638 1.61
418 1952 1.62
555 1437 1.62
657 389 1.62
881 1202 1.62
1041 1001 1.62
1123 1747 1.62
1250 1719 1.62
1655 499 1.62
1691 448 1.62
388 1305 1.63
575 1139 1.63
706 1109 1.63
793 1686 1.63
1198 131 1.63
1279 645 1.63
1685 1471 1.63
584 284 1.64
650 1587 1.64
1330 159 1.64
1871 1997 1.64
1895 661 1.64
502 174 1.65
529 1308 1.65
769 1340 1.65
810 1451 1.65
857 1954 1.65
1243 159 1.65
1354 1781 1.65
1759 834 1.65
1874 607 1.65
1969 1343 1.65
1018 710 1.66
1109 547 1.66
1176 1717 1.66
1969 365 1.66
10 531 1.67
146 214 1.67
821 481 1.67
960 1385 1.67
1451 1555 1.67
1537 821 1.67
121 441 1.68
595 1441 1.68
944 816 1.68
1059 1070 1.68
1095 1628 1.68
1614 527 1.68
58 1615 1.69
1000 336 1.69
1056 701 1.69
1287 1534 1.69
1684 1333 1.69
1696 616 1.69
1907 1083 1.69
18 1808 1.7
291 1960 1.7
677 1935 1.7
1123 860 1.7
240 984 1.71
396 1201 1.71
729 1170 1.71
1207 1258 1.71
1264 1411 1.71
1668 1412 1.71
716 1053 1.72
1029 534 1.72
1294 455 1.72
1332 635 1.72
1452 1887 1.72
1730 848 1.72
1836 589 1.72
19 1129 1.73
58 1703 1.73
264 492 1.73
673 1085 1.73
818 417 1.73
1017 966 1.73
1054 831 1.73
1193 1084 1.73
1272 1987 1.73
1329 1234 1.73
1354 1661 1.73
1511 1845 1.73
1527 1990 1.73
873 1281 1.74
1370 665 1.74
1964 1367 1.74
626 312 1.75
737 1931 1.75
981 40 1.75
1449 211 1.75
1742 1307 1.75
8 773 1.76
450 378 1.76
1054 1214 1.76
1115 81 1.76
1620 90 1.76
1629 1232 1.76
1871 169 1.76
70 1070 1.77
99 1182 1.77
1178 1810 1.77
1504 369 1.77
1558 1990 1.77
1882 447 1.77
1933 1326 1.77
123 238 1.78
751 1929 1.78
1013 887 1.78
1344 336 1.78
1968 1607 1.78
197 1939 1.79
257 1543 1.79
464 1783 1.79
809 1277 1.79
860 1064 1.79
1469 860 1.79
1533 1381 1.79
1551 664 1.79
759 54 1.8
813 1672 1.8
856 696 1.8
1815 714 1.8
124 24 1.81
172 811 1.81
321 1790 1.81
569 1973 1.81
1069 718 1.81
1083 1853 1.81
33 1135 1.82
553 1440 1.82
602 1830 1.82
699 1355 1.82
1221 846 1.82
1387 863 1.82
1615 1406 1.82
1858 1495 1.82
670 1273 1.83
1785 1903 1.83
1839 537 1.83
337 1059 1.84
960 1903 1.84
1719 1217 1.84
1735 1753 1.84
782 906 1.85
1107 1082 1.85
1118 888 1.85
1380 1067 1.85
1428 234 1.85
1549 1718 1.85
382 1015 1.86
580 1950 1.86
738 1179 1.86
951 326 1.86
966 62 1.86
1956 715 1.86
1991 258 1.86
57 808 1.87
383 1387 1.87
685 1082 1.87
1289 1527 1.87
1413 1596 1.87
1541 961 1.87
1716 1534 1.87
1733 1290 1.87
1916 1953 1.87
356 713 1.88
639 1477 1.88
1124 1769 1.88
1303 1945 1.88
1344 1038 1.88
1661 1136 1.88
1734 1415 1.88
1857 1511 1.88
1983 1410 1.88
817 843 1.89
899 69 1.89
1040 554 1.89
1650 1119 1.89
1889 1694 1.89
431 1937 1.9
455 818 1.9
514 838 1.9
617 270 1.9
1197 274 1.9
1611 970 1.9
814 1669 1.91
1070 1453 1.91
1578 1347 1.91
1922 1701 1.91
801 614 1.92
807 985 1.92
1095 249 1.92
1264 1629 1.92
73 150 1.93
219 1226 1.93
930 320 1.93
1009 1288 1.93
1417 484 1.93
1778 1064 1.93
1869 1320 1.93
440 1320 1.94
1280 1182 1.94
425 380 1.95
519 1352 1.95
733 1327 1.96
847 1340 1.96
1080 502 1.96
1733 815 1.96
47 1675 1.97
216 1492 1.97
343 533 1.97
588 1296 1.97
917 1278 1.97
938 1945 1.97
1146 1937 1.97
1609 1311 1.97
542 1153 1.98
1339 1239 1.98
1594 1279 1.98
1969 191 1.98
314 834 1.99
421 261 1.99
494 111 1.99
611 467 1.99
1359 400 1.99
1769 1896 1.99
1875 1639 1.99
1951 330 1.99
18 935 2
303 61 2
1023 703 2
1057 796 2
208 659 2.01
1702 1656 2.01
1985 1652 2.01
231 143 2.02
353 758 2.02
1228 750 2.02
1101 1622 2.03
1127 9 2.03
1135 95 2.03
1315 231 2.03
207 904 2.04
285 1107 2.04
360 20 2.04
663 1982 2.04
996 1030 2.04
1076 356 2.04
1832 486 2.04
344 882 2.05
1221 958 2.05
267 1174 2.06
428 1006 2.06
747 350 2.06
1248 769 2.06
1999 1027 2.06
928 1039 2.07
177 1484 2.08
221 347 2.08
336 1920 2.08
643 831 2.08
1615 582 2.08
222 1015 2.09
450 1221 2.09
1022 1579 2.09
1707 1478 2.09
294 889 2.1
385 1072 2.1
773 575 2.1
1698 461 2.1
77 1643 2.11
1748 1302 2.11
471 108 2.12
1949 618 2.13
54 911 2.14
808 755 2.14
10 354 2.15
1020 674 2.15
1189 1940 2.15
1062 1293 2.16
1399 418 2.16
1615 872 2.16
1903 598 2.16
499 767 2.17
992 1977 2.17
508 448 2.18
835 1048 2.18
1153 1816 2.18
1463 680 2.18
97 1762 2.19
173 1073 2.19
243 297 2.19
339 581 2.19
770 15 2.19
1249 892 2.19
1462 42 2.19
953 664 2.2
1523 30 2.2
1326 1577 2.21
27 614 2.22
347 1647 2.22
510 1812 2.22
577 673 2.22
19 901 2.23
410 644 2.23
1042 1037 2.23
197 627 2.24
643 1842 2.24
650 1784 2.24
1482 551 2.24
1742 447 2.24
1777 1377 2.24
11 1017 2.25
245 1025 2.25
342 1706 2.25
1994 1215 2.25
486 1604 2.26
606 262 2.26
889 477 2.26
944 1125 2.26
1223 905 2.26
1363 1679 2.26
973 563 2.27
1286 368 2.27
1324 1021 2.27
1896 725 2.27
1955 1634 2.27
964 1413 2.28
1374 920 2.28
1484 1901 2.28
1515 1535 2.29
1823 687 2.29
63 137 2.3
848 1442 2.3
1253 1757 2.3
1690 1117 2.3
1765 1732 2.3
350 1510 2.31
437 1526 2.31
1443 670 2.31
1559 960 2.31
226 1442 2.32
1068 983 2.32
1517 1003 2.32
1669 384 2.32
1948 952 2.32
1995 1967 2.32
104 1485 2.33
1729 1962 2.33
1762 1289 2.33
1904 63 2.33
268 107 2.34
773 940 2.34
1530 1512 2.34
1992 224 2.34
554 1760 2.35
1201 1114 2.35
1324 1582 2.35
1283 1645 2.36
133 211 2.37
333 750 2.37
1053 1274 2.37
1069 616 2.37
1106 1777 2.37
15 1690 2.38
619 250 2.38
1020 1241 2.38
1143 1615 2.38
1260 462 2.38
1584 409 2.38
1660 1191 2.38
166 151 2.39
233 1345 2.39
244 1490 2.39
331 603 2.41
381 1533 2.41
570 578 2.41
1368 1144 2.41
507 393 2.42
953 1341 2.42
1195 839 2.42
1260 700 2.42
1504 503 2.42
1808 1963 2.42
446 553 2.43
611 1636 2.43
852 526 2.43
1520 1026 2.43
559 623 2.44
1106 1103 2.44
1121 797 2.44
373 1108 2.45
397 386 2.45
1031 99 2.45
449 188 2.46
1033 952 2.46
1185 404 2.46
1678 141 2.46
1910 1072 2.46
198 712 2.47
438 151 2.47
794 1022 2.47
942 850 2.47
1627 1824 2.47
868 1375 2.48
799 698 2.49
1044 53 2.49
1583 1896 2.49
126 1487 2.5
563 1872 2.5
1587 921 2.5
312 1146 2.51
852 1806 2.51
1005 1368 2.51
1646 268 2.51
101 1562 2.52
1151 322 2.52
269 1412 2.53
292 1024 2.53
1160 1466 2.54
1996 818 2.54
251 854 2.55
1466 1373 2.55
1986 323 2.55
140 223 2.56
986 1636 2.56
1583 1915 2.56
656 997 2.57
734 1543 2.57
1056 1000 2.58
1557 213 2.58
241 1573 2.6
307 62 2.6
1681 1192 2.6
1 958 2.61
135 1167 2.61
492 371 2.61
618 1807 2.61
1774 412 2.61
456 1470 2.62
1850 545 2.62
214 762 2.63
1159 512 2.63
1724 357 2.64
1892 568 2.64
1492 621 2.65
1571 865 2.65
1859 275 2.66
90 498 2.67
489 159 2.67
1771 43 2.67
1925 1118 2.67
153 873 2.68
426 763 2.68
597 1331 2.68
1884 617 2.68
1692 1486 2.69
1172 1777 2.7
1828 1127 2.7
350 194 2.71
380 1322 2.71
584 1908 2.72
1603 176 2.74
1699 834 2.74
393 1792 2.75
1166 736 2.75
1252 1448 2.75
1360 707 2.75
204 618 2.77
1502 575 2.78
1702 749 2.78
309 1287 2.79
556 372 2.8
63 1107 2.81
597 265 2.81
757 1302 2.81
244 1130 2.82
1164 6 2.82
1996 1818 2.82
494 671 2.83
251 1817 2.84
1486 590 2.84
179 1406 2.85
283 1766 2.85
1578 648 2.85
109 1003 2.87
332 1766 2.87
1728 1475 2.87
1852 789 2.87
414 1260 2.88
765 67 2.88
756 1810 2.89
813 509 2.89
300 905 2.9
1247 245 2.9
1183 1137 2.91
207 247 2.92
1838 1721 2.92
224 1383 2.93
390 802 2.93
493 981 2.93
1237 1711 2.93
367 186 2.94
341 1505 2.95
1269 1658 2.96
1646 1177 2.96
454 593 2.97
462 1988 2.97
1488 1416 2.97
1556 959 2.97
1829 1779 2.97
685 321 2.98
893 552 2.98
1429 1847 2.98
1993 1471 2.98
292 536 3
911 1860 3.01
1304 178 3.01
1349 1684 3.01
1352 113 3.01
64 765 3.02
165 1398 3.02
1588 207 3.02
1399 1682 3.03
250 991 3.04
627 760 3.04
788 1399 3.04
1510 1004 3.04
1593 967 3.04
1854 1063 3.04
1134 344 3.05
1190 494 3.05
1988 127 3.06
435 1646 3.08
945 1122 3.08
315 599 3.09
489 1400 3.09
463 1432 3.1
762 82 3.1
1543 1545 3.1
1881 1351 3.1
1683 962 3.11
1804 1671 3.12
206 359 3.13
246 57 3.14
1708 1969 3.14
441 1538 3.15
1149 1892 3.16
1322 999 3.17
1814 462 3.17
870 673 3.18
115 1472 3.22
170 987 3.22
753 117 3.23
375 49 3.24
427 902 3.24
875 1224 3.25
1364 1075 3.25
483 216 3.26
203 28 3.27
343 1755 3.27
343 491 3.27
735 237 3.27
787 75 3.27
1799 1126 3.27
129 1777 3.28
288 1389 3.29
451 685 3.29
732 1280 3.29
1515 1712 3.3
1749 681 3.3
657 1723 3.31
756 298 3.32
804 1831 3.32
1009 1573 3.32
397 1425 3.33
736 316 3.35
1862 907 3.35
916 1794 3.36
1233 578 3.36
835 1962 3.38
1863 428 3.38
536 135 3.4
1500 352 3.4
1860 1597 3.4
196 1794 3.41
653 572 3.41
398 1468 3.42
440 389 3.43
601 245 3.43
1604 1797 3.43
850 1657 3.44
340 1175 3.45
817 1301 3.46
943 628 3.46
1622 786 3.46
1964 1738 3.46
741 27 3.47
1805 572 3.47
170 1434 3.48
704 1261 3.48
133 1464 3.49
1796 1566 3.49
1822 1130 3.49
1296 1837 3.5
92 527 3.51
1965 828 3.52
609 689 3.55
728 561 3.55
1912 16 3.55
1595 1793 3.56
852 1267 3.57
809 1029 3.59
1150 837 3.6
1756 1423 3.61
1796 1529 3.61
266 1910 3.66
1599 1934 3.67
1173 1547 3.71
1710 338 3.72
155 1508 3.73
869 55 3.73
915 165 3.74
1045 153 3.74
909 190 3.79
927 61 3.8
1540 1633 3.81
893 1863 3.84
1086 1779 3.84
1496 1264 3.85
273 1046 3.86
394 1542 3.86
1160 304 3.88
1674 89 3.88
1849 738 3.88
1393 94 3.92
1362 1923 3.93
347 1034 3.95
1534 528 3.97
799 772 3.99
1230 1970 3.99
1500 1357 4.03
3 429 4.04
245 875 4.04
103 1900 4.05
76 739 4.07
1592 548 4.08
144 1906 4.1
1005 989 4.12
1664 88 4.12
663 596 4.13
490 1509 4.14
965 823 4.17
98 894 4.18
403 1386 4.2
734 476 4.22
726 1346 4.23
462 1911 4.26
1883 1941 4.29
446 1218 4.31
1093 313 4.32
1265 1032 4.34
1715 1946 4.34
59 329 4.38
1460 1619 4.39
1036 253 4.42
1203 539 4.42
319 1237 4.47
617 59 4.5
1568 294 4.5
1662 78 4.52
1821 748 4.53
1580 282 4.57
812 1060 4.61
1137 1213 4.61
624 1697 4.62
1138 324 4.62
200 1939 4.66
236 1396 4.67
1460 966 4.68
270 1532 4.7
1761 154 4.73
244 220 4.76
504 1196 4.76
914 874 4.76
91 413 4.8
995 193 4.8
1754 866 4.81
382 1350 4.88
766 608 4.92
980 1722 4.92
1558 1426 5.04
1122 880 5.07
1114 468 5.08
1484 742 5.08
1376 1902 5.12
199 766 5.13
1773 1444 5.19
691 1627 5.25
562 1450 5.26
107 1402 5.29
1380 1388 5.36
1377 900 5.37
253 1590 5.42
731 1891 5.68
1537 520 5.71
535 1550 5.77
1269 156 5.83
214 1483 5.87
1853 1834 5.94
1318 265 5.95
12 1999 6.02
1688 1645 6.05
1378 981 6.07
650 205 6.1
138 235 6.12
814 1424 6.22
1709 1911 6.22
579 87 6.23
1570 364 6.23
803 1209 6.31
1178 1591 6.34
1198 1642 6.49
761 1592 6.73
1298 1402 6.79
1618 697 6.79
511 1572 6.8
655 50 6.89
1112 45 7
1163 1888 7.35
1403 442 7.55
250 4 7.7
1113 325 7.78
