600
599
7 25 0.01
7 252 0.01
13 304 0.01
15 135 0.01
16 176 0.01
16 305 0.01
18 552 0.01
20 376 0.01
20 463 0.01
21 461 0.01
21 571 0.01
22 77 0.01
22 346 0.01
24 40 0.01
29 551 0.01
30 174 0.01
30 576 0.01
32 378 0.01
34 590 0.01
38 567 0.01
40 298 0.01
40 388 0.01
43 492 0.01
48 561 0.01
51 225 0.01
51 516 0.01
54 295 0.01
55 457 0.01
60 179 0.01
61 92 0.01
63 359 0.01
64 258 0.01
66 225 0.01
69 540 0.01
73 100 0.01
75 346 0.01
82 485 0.01
84 143 0.01
84 307 0.01
85 485 0.01
85 498 0.01
89 134 0.01
89 591 0.01
92 251 0.01
96 124 0.01
96 427 0.01
96 551 0.01
102 108 0.01
104 203 0.01
111 556 0.01
112 350 0.01
113 139 0.01
114 353 0.01
117 476 0.01
119 344 0.01
129 135 0.01
129 482 0.01
131 134 0.01
134 174 0.01
140 168 0.01
143 374 0.01
146 236 0.01
149 326 0.01
151 405 0.01
158 572 0.01
159 491 0.01
162 516 0.01
165 214 0.01
169 207 0.01
170 527 0.01
171 596 0.01
177 296 0.01
177 548 0.01
179 455 0.01
179 596 0.01
180 480 0.01
181 259 0.01
182 340 0.01
185 220 0.01
187 509 0.01
193 594 0.01
196 486 0.01
198 524 0.01
199 472 0.01
199 478 0.01
207 286 0.01
210 448 0.01
212 538 0.01
218 346 0.01
225 276 0.01
227 405 0.01
228 404 0.01
228 511 0.01
230 506 0.01
231 265 0.01
233 478 0.01
235 429 0.01
237 383 0.01
237 583 0.01
238 488 0.01
240 443 0.01
243 550 0.01
244 570 0.01
248 415 0.01
248 577 0.01
253 370 0.01
253 478 0.01
254 321 0.01
258 364 0.01
260 337 0.01
261 268 0.01
263 340 0.01
265 572 0.01
271 345 0.01
277 279 0.01
280 442 0.01
281 554 0.01
283 307 0.01
291 527 0.01
292 561 0.01
293 410 0.01
301 428 0.01
309 337 0.01
309 390 0.01
312 380 0.01
313 478 0.01
313 598 0.01
315 596 0.01
333 347 0.01
333 392 0.01
335 597 0.01
336 489 0.01
344 471 0.01
345 564 0.01
348 438 0.01
348 466 0.01
348 469 0.01
351 395 0.01
351 486 0.01
355 575 0.01
356 437 0.01
359 412 0.01
363 591 0.01
369 495 0.01
373 406 0.01
382 569 0.01
383 533 0.01
385 545 0.01
393 454 0.01
397 589 0.01
400 600 0.01
404 533 0.01
406 517 0.01
417 585 0.01
419 530 0.01
431 509 0.01
432 558 0.01
443 453 0.01
443 498 0.01
466 491 0.01
485 488 0.01
493 533 0.01
502 508 0.01
579 590 0.01
594 600 0.01
1 328 0.02
3 42 0.02
5 53 0.02
7 233 0.02
7 437 0.02
8 193 0.02
13 88 0.02
16 74 0.02
19 394 0.02
21 291 0.02
22 157 0.02
23 159 0.02
23 560 0.02
25 430 0.02
27 195 0.02
27 502 0.02
29 409 0.02
30 426 0.02
30 490 0.02
33 401 0.02
34 46 0.02
34 218 0.02
38 187 0.02
39 311 0.02
39 407 0.02
40 131 0.02
40 269 0.02
48 276 0.02
49 264 0.02
50 472 0.02
53 410 0.02
53 427 0.02
54 560 0.02
59 440 0.02
63 562 0.02
64 156 0.02
64 281 0.02
65 103 0.02
65 182 0.02
66 245 0.02
66 480 0.02
70 313 0.02
72 296 0.02
72 533 0.02
73 190 0.02
74 246 0.02
77 524 0.02
79 119 0.02
82 205 0.02
83 382 0.02
84 225 0.02
84 271 0.02
86 359 0.02
87 279 0.02
91 217 0.02
91 449 0.02
93 124 0.02
93 497 0.02
95 314 0.02
96 577 0.02
97 404 0.02
98 466 0.02
100 147 0.02
101 420 0.02
102 518 0.02
103 285 0.02
104 404 0.02
105 107 0.02
105 118 0.02
108 243 0.02
109 479 0.02
112 221 0.02
113 238 0.02
113 337 0.02
117 217 0.02
121 260 0.02
122 589 0.02
124 340 0.02
125 483 0.02
127 136 0.02
127 543 0.02
131 348 0.02
131 410 0.02
132 167 0.02
134 589 0.02
139 223 0.02
139 242 0.02
142 574 0.02
144 216 0.02
144 292 0.02
145 343 0.02
145 459 0.02
148 210 0.02
149 523 0.02
152 435 0.02
160 257 0.02
161 527 0.02
166 168 0.02
170 367 0.02
171 358 0.02
171 445 0.02
174 475 0.02
175 359 0.02
176 316 0.02
177 217 0.02
178 361 0.02
180 385 0.02
180 432 0.02
181 570 0.02
182 308 0.02
185 393 0.02
186 526 0.02
187 559 0.02
191 406 0.02
197 380 0.02
201 440 0.02
204 277 0.02
205 348 0.02
206 236 0.02
206 442 0.02
207 211 0.02
209 485 0.02
217 424 0.02
219 398 0.02
219 581 0.02
222 510 0.02
227 433 0.02
229 523 0.02
231 309 0.02
232 460 0.02
232 464 0.02
241 335 0.02
242 402 0.02
244 443 0.02
244 579 0.02
246 399 0.02
252 378 0.02
253 260 0.02
255 425 0.02
255 491 0.02
256 331 0.02
256 337 0.02
259 283 0.02
265 275 0.02
273 386 0.02
284 543 0.02
292 339 0.02
296 398 0.02
296 418 0.02
299 401 0.02
303 414 0.02
305 345 0.02
309 334 0.02
310 353 0.02
320 392 0.02
323 389 0.02
324 552 0.02
324 596 0.02
330 461 0.02
339 494 0.02
340 532 0.02
341 352 0.02
341 443 0.02
350 492 0.02
353 452 0.02
355 356 0.02
356 481 0.02
358 531 0.02
365 443 0.02
371 532 0.02
375 517 0.02
384 467 0.02
387 456 0.02
403 500 0.02
414 451 0.02
416 426 0.02
420 532 0.02
448 486 0.02
448 528 0.02
451 452 0.02
466 546 0.02
473 475 0.02
482 519 0.02
511 518 0.02
512 595 0.02
513 533 0.02
529 574 0.02
532 542 0.02
545 549 0.02
1 278 0.03
1 410 0.03
6 198 0.03
7 109 0.03
7 287 0.03
8 67 0.03
11 301 0.03
12 364 0.03
14 19 0.03
18 311 0.03
20 320 0.03
22 272 0.03
23 547 0.03
27 389 0.03
27 484 0.03
27 565 0.03
28 43 0.03
30 171 0.03
30 529 0.03
31 180 0.03
31 202 0.03
32 503 0.03
35 70 0.03
35 585 0.03
36 427 0.03
37 545 0.03
41 342 0.03
45 345 0.03
49 164 0.03
49 313 0.03
52 506 0.03
55 68 0.03
56 448 0.03
56 487 0.03
57 449 0.03
58 271 0.03
58 511 0.03
58 520 0.03
61 144 0.03
61 447 0.03
61 474 0.03
61 482 0.03
62 448 0.03
64 326 0.03
70 149 0.03
70 586 0.03
74 195 0.03
77 224 0.03
77 512 0.03
77 600 0.03
80 557 0.03
90 164 0.03
95 266 0.03
95 552 0.03
99 135 0.03
105 183 0.03
107 158 0.03
110 271 0.03
112 476 0.03
113 197 0.03
118 351 0.03
119 193 0.03
122 391 0.03
128 559 0.03
130 457 0.03
131 396 0.03
132 271 0.03
132 318 0.03
133 508 0.03
137 183 0.03
138 402 0.03
141 389 0.03
145 162 0.03
145 584 0.03
150 183 0.03
150 302 0.03
151 476 0.03
157 188 0.03
167 322 0.03
168 463 0.03
168 551 0.03
169 380 0.03
173 185 0.03
175 266 0.03
175 439 0.03
176 446 0.03
186 208 0.03
188 222 0.03
202 578 0.03
206 392 0.03
207 428 0.03
207 592 0.03
211 373 0.03
214 222 0.03
215 329 0.03
221 464 0.03
227 436 0.03
231 467 0.03
250 300 0.03
260 450 0.03
264 431 0.03
267 278 0.03
270 324 0.03
279 530 0.03
282 340 0.03
282 366 0.03
282 379 0.03
289 461 0.03
289 548 0.03
290 474 0.03
314 440 0.03
337 521 0.03
342 370 0.03
354 423 0.03
357 497 0.03
359 457 0.03
361 487 0.03
361 563 0.03
361 573 0.03
362 473 0.03
372 534 0.03
385 568 0.03
401 496 0.03
407 522 0.03
413 478 0.03
426 444 0.03
434 558 0.03
449 451 0.03
454 489 0.03
454 599 0.03
465 502 0.03
503 515 0.03
507 525 0.03
514 563 0.03
525 529 0.03
2 79 0.04
2 172 0.04
4 33 0.04
4 129 0.04
7 87 0.04
10 569 0.04
13 322 0.04
19 550 0.04
32 126 0.04
44 351 0.04
64 462 0.04
73 175 0.04
79 540 0.04
80 530 0.04
81 450 0.04
83 206 0.04
95 360 0.04
100 429 0.04
112 408 0.04
120 478 0.04
136 209 0.04
137 230 0.04
138 249 0.04
139 593 0.04
140 220 0.04
153 163 0.04
153 295 0.04
154 261 0.04
158 456 0.04
160 333 0.04
160 458 0.04
182 212 0.04
189 260 0.04
195 300 0.04
199 505 0.04
210 321 0.04
211 306 0.04
215 597 0.04
224 588 0.04
231 338 0.04
234 349 0.04
239 322 0.04
241 295 0.04
247 433 0.04
255 386 0.04
286 288 0.04
286 477 0.04
297 439 0.04
325 526 0.04
327 453 0.04
328 381 0.04
332 388 0.04
337 368 0.04
354 475 0.04
369 576 0.04
402 587 0.04
411 515 0.04
422 424 0.04
424 536 0.04
500 584 0.04
551 553 0.04
17 513 0.05
19 435 0.05
26 459 0.05
33 200 0.05
42 382 0.05
45 115 0.05
46 47 0.05
50 582 0.05
74 294 0.05
76 187 0.05
76 226 0.05
78 198 0.05
94 337 0.05
109 556 0.05
116 279 0.05
125 226 0.05
126 539 0.05
128 208 0.05
155 264 0.05
164 535 0.05
170 213 0.05
192 521 0.05
254 372 0.05
364 377 0.05
376 504 0.05
421 566 0.05
62 541 0.06
66 421 0.06
83 234 0.06
154 202 0.06
184 485 0.06
194 438 0.06
205 262 0.06
259 317 0.06
9 467 0.07
57 544 0.07
71 579 0.07
77 555 0.07
116 470 0.07
139 319 0.07
146 501 0.07
181 441 0.07
340 580 0.07
372 537 0.07
177 499 0.08
274 515 0.08
123 175 0.09
106 592 0.1
173 468 0.11
