2000
1999
1 373 0.01
1 449 0.01
1 1423 0.01
2 861 0.01
2 1635 0.01
4 212 0.01
4 903 0.01
5 1420 0.01
6 1064 0.01
6 1376 0.01
6 1558 0.01
6 1974 0.01
7 279 0.01
7 655 0.01
7 679 0.01
8 263 0.01
8 385 0.01
8 423 0.01
8 775 0.01
8 959 0.01
8 1456 0.01
9 1809 0.01
10 367 0.01
11 1075 0.01
12 1094 0.01
13 1256 0.01
14 329 0.01
14 1182 0.01
14 1458 0.01
16 138 0.01
16 342 0.01
16 442 0.01
16 1264 0.01
17 252 0.01
17 841 0.01
17 910 0.01
17 1788 0.01
17 1855 0.01
18 100 0.01
18 1334 0.01
20 54 0.01
21 1576 0.01
21 1964 0.01
22 479 0.01
22 801 0.01
23 442 0.01
23 531 0.01
23 824 0.01
23 1118 0.01
24 606 0.01
24 1666 0.01
25 1791 0.01
26 920 0.01
26 1438 0.01
26 1664 0.01
26 1742 0.01
28 244 0.01
29 67 0.01
29 1494 0.01
29 1679 0.01
30 110 0.01
30 880 0.01
31 473 0.01
32 243 0.01
32 310 0.01
32 1094 0.01
33 1183 0.01
34 401 0.01
34 906 0.01
35 916 0.01
35 1479 0.01
36 584 0.01
36 847 0.01
36 1207 0.01
37 514 0.01
37 579 0.01
37 1144 0.01
38 350 0.01
38 712 0.01
38 1357 0.01
39 414 0.01
40 1561 0.01
40 1973 0.01
41 385 0.01
41 1844 0.01
42 82 0.01
42 1191 0.01
43 946 0.01
43 1716 0.01
44 1713 0.01
44 1913 0.01
45 669 0.01
45 671 0.01
45 1206 0.01
46 133 0.01
46 1992 0.01
47 1086 0.01
48 289 0.01
48 557 0.01
50 1846 0.01
51 793 0.01
52 549 0.01
52 1774 0.01
53 1227 0.01
54 1017 0.01
55 929 0.01
55 1219 0.01
55 1629 0.01
56 1320 0.01
57 841 0.01
59 368 0.01
60 447 0.01
60 1609 0.01
61 360 0.01
61 1686 0.01
62 1346 0.01
64 969 0.01
64 1605 0.01
65 868 0.01
65 1083 0.01
65 1684 0.01
67 590 0.01
67 1015 0.01
68 346 0.01
68 687 0.01
69 1107 0.01
69 1142 0.01
70 371 0.01
71 706 0.01
71 1250 0.01
71 1691 0.01
71 1778 0.01
73 275 0.01
73 1634 0.01
75 472 0.01
75 1264 0.01
75 1359 0.01
76 93 0.01
76 215 0.01
76 1502 0.01
78 676 0.01
78 1314 0.01
78 1832 0.01
79 1018 0.01
79 1536 0.01
81 692 0.01
82 747 0.01
82 1782 0.01
83 303 0.01
83 380 0.01
83 505 0.01
83 892 0.01
83 1196 0.01
83 1696 0.01
83 1812 0.01
84 281 0.01
84 463 0.01
84 469 0.01
85 665 0.01
87 265 0.01
87 984 0.01
88 761 0.01
88 1275 0.01
88 1536 0.01
89 299 0.01
89 1733 0.01
89 1754 0.01
91 1628 0.01
92 832 0.01
94 1033 0.01
95 837 0.01
95 1447 0.01
96 184 0.01
96 480 0.01
96 1658 0.01
97 1226 0.01
97 1363 0.01
98 860 0.01
99 495 0.01
99 1422 0.01
99 1592 0.01
99 1621 0.01
101 1050 0.01
102 240 0.01
102 254 0.01
102 1743 0.01
102 1824 0.01
105 503 0.01
105 876 0.01
105 1891 0.01
105 1954 0.01
106 924 0.01
107 1515 0.01
108 418 0.01
108 1779 0.01
109 502 0.01
109 1160 0.01
110 344 0.01
110 1202 0.01
110 1250 0.01
110 1956 0.01
111 286 0.01
111 1590 0.01
112 197 0.01
114 1435 0.01
115 1222 0.01
116 384 0.01
116 1885 0.01
118 484 0.01
118 604 0.01
118 1337 0.01
118 1474 0.01
118 1987 0.01
119 1020 0.01
119 1767 0.01
120 310 0.01
120 641 0.01
120 711 0.01
120 1055 0.01
120 1416 0.01
121 430 0.01
121 825 0.01
122 1384 0.01
123 177 0.01
123 812 0.01
124 465 0.01
124 1442 0.01
124 1853 0.01
125 1120 0.01
126 1249 0.01
126 1555 0.01
128 1177 0.01
128 1416 0.01
129 265 0.01
129 819 0.01
129 1764 0.01
129 1935 0.01
130 523 0.01
131 173 0.01
133 1196 0.01
134 156 0.01
134 843 0.01
135 1119 0.01
135 1220 0.01
135 1244 0.01
135 1852 0.01
136 1003 0.01
136 1391 0.01
137 221 0.01
137 847 0.01
137 1777 0.01
138 348 0.01
138 769 0.01
138 1031 0.01
138 1428 0.01
139 197 0.01
139 423 0.01
139 737 0.01
139 1676 0.01
140 157 0.01
140 172 0.01
140 505 0.01
140 1607 0.01
141 508 0.01
144 606 0.01
144 904 0.01
145 225 0.01
146 1157 0.01
146 1363 0.01
147 627 0.01
147 916 0.01
147 1522 0.01
147 1764 0.01
148 1515 0.01
149 770 0.01
149 1644 0.01
150 964 0.01
150 1870 0.01
151 1404 0.01
153 1385 0.01
154 620 0.01
154 732 0.01
155 1301 0.01
155 1494 0.01
157 199 0.01
157 914 0.01
157 1078 0.01
157 1737 0.01
158 1793 0.01
159 246 0.01
159 456 0.01
159 1968 0.01
160 197 0.01
160 494 0.01
160 1914 0.01
161 1238 0.01
161 1668 0.01
162 260 0.01
162 780 0.01
163 1707 0.01
164 438 0.01
164 1564 0.01
165 1767 0.01
166 200 0.01
166 267 0.01
166 950 0.01
166 1384 0.01
167 583 0.01
168 872 0.01
168 1013 0.01
168 1366 0.01
169 240 0.01
169 1729 0.01
171 1006 0.01
172 981 0.01
172 1287 0.01
172 1407 0.01
173 1518 0.01
174 892 0.01
175 1268 0.01
176 414 0.01
176 1511 0.01
176 1867 0.01
177 1409 0.01
178 521 0.01
179 374 0.01
179 1108 0.01
179 1600 0.01
179 1959 0.01
180 264 0.01
180 287 0.01
181 524 0.01
182 1444 0.01
182 1497 0.01
183 788 0.01
184 575 0.01
184 818 0.01
184 1561 0.01
184 1923 0.01
185 261 0.01
186 635 0.01
186 1125 0.01
187 577 0.01
188 1270 0.01
188 1986 0.01
189 906 0.01
190 1534 0.01
191 862 0.01
192 360 0.01
192 380 0.01
192 733 0.01
192 761 0.01
192 1117 0.01
192 1311 0.01
192 1677 0.01
193 965 0.01
193 1001 0.01
193 1267 0.01
194 1137 0.01
194 1318 0.01
195 1313 0.01
195 1592 0.01
199 677 0.01
199 905 0.01
200 202 0.01
201 525 0.01
201 1114 0.01
201 1342 0.01
202 554 0.01
202 662 0.01
202 1878 0.01
204 458 0.01
204 1036 0.01
204 1327 0.01
206 1294 0.01
206 1910 0.01
207 322 0.01
207 599 0.01
207 781 0.01
208 1383 0.01
208 1837 0.01
209 370 0.01
209 412 0.01
209 919 0.01
210 608 0.01
210 673 0.01
210 993 0.01
210 1156 0.01
211 1232 0.01
211 1462 0.01
211 1659 0.01
212 456 0.01
212 543 0.01
212 787 0.01
212 1543 0.01
212 1940 0.01
213 1047 0.01
213 1917 0.01
214 557 0.01
214 1440 0.01
214 1448 0.01
216 779 0.01
216 1829 0.01
217 299 0.01
217 1965 0.01
218 622 0.01
219 449 0.01
219 1202 0.01
220 283 0.01
220 450 0.01
220 705 0.01
221 232 0.01
222 298 0.01
222 730 0.01
223 401 0.01
223 623 0.01
223 1775 0.01
225 706 0.01
226 1039 0.01
227 318 0.01
227 824 0.01
227 1234 0.01
227 1238 0.01
227 1319 0.01
227 1591 0.01
227 1975 0.01
228 1208 0.01
229 658 0.01
229 781 0.01
229 1610 0.01
229 1971 0.01
230 1384 0.01
230 1762 0.01
230 1825 0.01
231 457 0.01
232 1469 0.01
233 455 0.01
233 1685 0.01
234 996 0.01
235 610 0.01
235 643 0.01
236 353 0.01
236 1609 0.01
237 604 0.01
237 1199 0.01
238 672 0.01
239 1651 0.01
239 1997 0.01
240 597 0.01
240 1975 0.01
240 1977 0.01
242 312 0.01
243 585 0.01
244 1164 0.01
245 301 0.01
246 547 0.01
246 777 0.01
246 997 0.01
247 1936 0.01
248 411 0.01
248 1116 0.01
249 536 0.01
250 1209 0.01
251 371 0.01
253 476 0.01
253 1677 0.01
253 1821 0.01
254 1415 0.01
254 1476 0.01
256 1592 0.01
256 1751 0.01
257 1080 0.01
258 319 0.01
258 591 0.01
261 1567 0.01
262 323 0.01
264 610 0.01
264 1537 0.01
265 272 0.01
265 665 0.01
265 690 0.01
265 754 0.01
266 334 0.01
266 398 0.01
266 1227 0.01
267 569 0.01
267 1181 0.01
268 961 0.01
268 1790 0.01
268 1792 0.01
269 780 0.01
270 369 0.01
271 488 0.01
271 1925 0.01
273 1709 0.01
274 958 0.01
275 1126 0.01
277 618 0.01
277 915 0.01
277 1666 0.01
278 284 0.01
278 986 0.01
278 1056 0.01
278 1088 0.01
278 1261 0.01
279 773 0.01
279 933 0.01
279 1159 0.01
279 1982 0.01
281 860 0.01
281 1272 0.01
282 292 0.01
282 687 0.01
282 1352 0.01
282 1354 0.01
282 1831 0.01
282 1910 0.01
283 423 0.01
283 496 0.01
283 1302 0.01
283 1491 0.01
284 979 0.01
285 639 0.01
286 543 0.01
286 835 0.01
286 962 0.01
286 1366 0.01
287 425 0.01
288 1675 0.01
290 1629 0.01
290 1948 0.01
291 1418 0.01
292 1278 0.01
292 1391 0.01
292 1565 0.01
293 396 0.01
293 924 0.01
293 1287 0.01
294 323 0.01
294 448 0.01
294 789 0.01
294 1314 0.01
296 1179 0.01
297 298 0.01
297 910 0.01
298 1016 0.01
298 1148 0.01
298 1937 0.01
300 964 0.01
300 1583 0.01
300 1758 0.01
301 1320 0.01
301 1640 0.01
302 1218 0.01
303 1321 0.01
303 1865 0.01
305 363 0.01
305 998 0.01
306 1207 0.01
307 873 0.01
307 1053 0.01
307 1897 0.01
308 1065 0.01
309 1449 0.01
310 330 0.01
310 902 0.01
311 508 0.01
311 1354 0.01
311 1607 0.01
311 1711 0.01
311 1858 0.01
314 809 0.01
315 1360 0.01
315 1464 0.01
316 677 0.01
316 1104 0.01
316 1636 0.01
317 1185 0.01
317 1310 0.01
318 692 0.01
318 1005 0.01
319 461 0.01
320 598 0.01
321 1601 0.01
321 1689 0.01
322 679 0.01
322 1482 0.01
322 1913 0.01
324 424 0.01
326 417 0.01
326 1545 0.01
327 644 0.01
328 1559 0.01
329 1555 0.01
329 1776 0.01
330 1171 0.01
331 892 0.01
331 1293 0.01
332 1452 0.01
332 1462 0.01
333 617 0.01
334 411 0.01
334 536 0.01
334 1350 0.01
334 1407 0.01
334 1917 0.01
334 1939 0.01
335 939 0.01
335 1005 0.01
335 1790 0.01
336 682 0.01
339 839 0.01
340 664 0.01
340 685 0.01
340 787 0.01
341 630 0.01
341 737 0.01
342 840 0.01
342 877 0.01
344 682 0.01
345 1141 0.01
347 1560 0.01
347 1916 0.01
347 1994 0.01
348 581 0.01
348 1376 0.01
349 1598 0.01
350 437 0.01
350 671 0.01
351 417 0.01
352 722 0.01
352 1216 0.01
352 1585 0.01
353 538 0.01
353 926 0.01
353 1094 0.01
353 1098 0.01
354 1547 0.01
354 1675 0.01
355 590 0.01
356 715 0.01
358 1524 0.01
359 553 0.01
359 1494 0.01
359 1892 0.01
360 919 0.01
360 1758 0.01
362 778 0.01
362 802 0.01
362 1194 0.01
362 1865 0.01
363 1756 0.01
364 605 0.01
364 1241 0.01
365 382 0.01
365 613 0.01
365 1111 0.01
367 417 0.01
369 517 0.01
369 698 0.01
369 961 0.01
369 965 0.01
369 1216 0.01
371 1624 0.01
372 1282 0.01
373 1501 0.01
374 604 0.01
374 1553 0.01
375 1872 0.01
377 694 0.01
377 1808 0.01
378 709 0.01
379 971 0.01
379 991 0.01
380 525 0.01
380 1093 0.01
381 777 0.01
381 938 0.01
381 1387 0.01
382 1066 0.01
382 1101 0.01
382 1984 0.01
383 1448 0.01
383 1893 0.01
383 1935 0.01
384 908 0.01
385 1854 0.01
386 1614 0.01
386 1695 0.01
387 480 0.01
388 867 0.01
388 1346 0.01
389 1260 0.01
389 1882 0.01
390 1709 0.01
393 826 0.01
394 1955 0.01
395 820 0.01
396 915 0.01
396 1717 0.01
397 610 0.01
397 748 0.01
397 1252 0.01
397 1477 0.01
399 786 0.01
399 1392 0.01
400 705 0.01
400 1022 0.01
400 1809 0.01
401 760 0.01
402 1020 0.01
402 1529 0.01
403 439 0.01
403 1057 0.01
403 1275 0.01
405 506 0.01
405 550 0.01
405 1297 0.01
406 1291 0.01
406 1653 0.01
407 1075 0.01
407 1920 0.01
408 1920 0.01
410 788 0.01
410 1912 0.01
411 1014 0.01
411 1444 0.01
412 830 0.01
412 1160 0.01
413 888 0.01
413 1390 0.01
414 1285 0.01
415 912 0.01
416 425 0.01
416 442 0.01
416 1626 0.01
417 506 0.01
417 770 0.01
418 420 0.01
418 880 0.01
418 1826 0.01
419 812 0.01
419 1224 0.01
422 1878 0.01
423 939 0.01
425 865 0.01
425 1211 0.01
427 926 0.01
427 1208 0.01
428 831 0.01
428 1593 0.01
428 1617 0.01
428 1922 0.01
429 1228 0.01
430 588 0.01
430 665 0.01
430 1899 0.01
433 1174 0.01
433 1756 0.01
434 969 0.01
434 1718 0.01
435 547 0.01
435 1316 0.01
437 882 0.01
437 1692 0.01
439 898 0.01
439 1180 0.01
440 1028 0.01
441 756 0.01
441 1516 0.01
442 714 0.01
442 1655 0.01
443 590 0.01
443 1592 0.01
444 657 0.01
444 1476 0.01
445 1123 0.01
446 1353 0.01
447 512 0.01
447 1452 0.01
448 560 0.01
448 1130 0.01
448 1449 0.01
450 981 0.01
450 1188 0.01
450 1618 0.01
450 1635 0.01
450 1767 0.01
451 742 0.01
451 818 0.01
453 1015 0.01
453 1354 0.01
453 1956 0.01
454 1149 0.01
454 1732 0.01
456 1555 0.01
457 527 0.01
457 844 0.01
458 911 0.01
459 848 0.01
460 1421 0.01
460 1458 0.01
460 1469 0.01
460 1764 0.01
462 621 0.01
462 1211 0.01
462 1869 0.01
462 1922 0.01
464 648 0.01
464 1642 0.01
465 1611 0.01
465 1832 0.01
466 870 0.01
467 923 0.01
468 636 0.01
468 1203 0.01
471 498 0.01
471 907 0.01
472 556 0.01
472 980 0.01
472 1773 0.01
473 900 0.01
474 932 0.01
474 1636 0.01
475 1353 0.01
476 1183 0.01
476 1493 0.01
477 1894 0.01
478 655 0.01
479 1097 0.01
479 1202 0.01
479 1521 0.01
481 1027 0.01
481 1969 0.01
483 968 0.01
485 1356 0.01
486 1020 0.01
487 698 0.01
487 1412 0.01
487 1603 0.01
488 1397 0.01
488 1613 0.01
488 1726 0.01
489 978 0.01
489 1463 0.01
489 1714 0.01
489 1787 0.01
490 1964 0.01
491 1570 0.01
491 1859 0.01
492 1175 0.01
494 671 0.01
494 1271 0.01
494 1572 0.01
495 771 0.01
496 1439 0.01
497 1311 0.01
498 886 0.01
499 1196 0.01
499 1474 0.01
501 748 0.01
502 794 0.01
502 826 0.01
502 1421 0.01
502 1793 0.01
503 683 0.01
505 1037 0.01
506 775 0.01
506 1139 0.01
508 595 0.01
508 1490 0.01
508 1697 0.01
508 1724 0.01
509 1167 0.01
509 1698 0.01
510 546 0.01
510 735 0.01
510 1143 0.01
512 526 0.01
512 619 0.01
512 668 0.01
512 1481 0.01
513 820 0.01
513 888 0.01
514 652 0.01
515 741 0.01
518 1494 0.01
519 682 0.01
519 1946 0.01
520 1822 0.01
521 1714 0.01
521 1997 0.01
522 578 0.01
523 880 0.01
523 1951 0.01
524 1543 0.01
524 1961 0.01
526 1433 0.01
526 1491 0.01
529 1634 0.01
532 772 0.01
532 1298 0.01
533 1405 0.01
533 1411 0.01
533 1631 0.01
535 1279 0.01
536 1153 0.01
539 1624 0.01
540 1121 0.01
541 964 0.01
541 1413 0.01
544 898 0.01
546 1602 0.01
547 1121 0.01
548 1202 0.01
548 1461 0.01
549 1025 0.01
550 1062 0.01
551 582 0.01
551 727 0.01
552 990 0.01
553 1034 0.01
553 1389 0.01
554 1804 0.01
555 1148 0.01
555 1361 0.01
556 676 0.01
556 985 0.01
556 1667 0.01
559 690 0.01
561 977 0.01
562 1185 0.01
563 830 0.01
563 1273 0.01
564 906 0.01
564 1045 0.01
565 983 0.01
565 1023 0.01
565 1300 0.01
565 1480 0.01
565 1497 0.01
566 755 0.01
566 1363 0.01
568 935 0.01
568 1087 0.01
568 1837 0.01
569 819 0.01
569 1766 0.01
571 1077 0.01
571 1488 0.01
572 986 0.01
572 1362 0.01
572 1673 0.01
573 1034 0.01
574 789 0.01
575 1444 0.01
576 1338 0.01
576 1941 0.01
577 695 0.01
577 1283 0.01
580 766 0.01
580 994 0.01
580 1471 0.01
580 1768 0.01
581 1943 0.01
582 1514 0.01
583 948 0.01
583 1767 0.01
583 1866 0.01
585 899 0.01
586 917 0.01
587 1237 0.01
587 1813 0.01
589 1129 0.01
589 1821 0.01
591 700 0.01
592 606 0.01
592 735 0.01
592 1043 0.01
593 728 0.01
594 785 0.01
597 751 0.01
598 1197 0.01
599 704 0.01
599 963 0.01
599 1106 0.01
599 1417 0.01
601 1609 0.01
601 1795 0.01
602 676 0.01
602 724 0.01
604 1434 0.01
604 1895 0.01
607 755 0.01
607 1149 0.01
607 1908 0.01
608 654 0.01
608 1562 0.01
610 1548 0.01
610 1714 0.01
611 1178 0.01
611 1855 0.01
611 1861 0.01
612 1369 0.01
612 1752 0.01
613 1435 0.01
613 1571 0.01
614 624 0.01
614 1167 0.01
614 1874 0.01
615 1032 0.01
615 1651 0.01
615 1912 0.01
617 1322 0.01
618 1200 0.01
619 1811 0.01
621 874 0.01
621 901 0.01
622 823 0.01
622 1155 0.01
622 1492 0.01
624 1253 0.01
625 1301 0.01
626 1633 0.01
627 1431 0.01
629 1006 0.01
629 1256 0.01
630 1077 0.01
633 857 0.01
633 1204 0.01
634 1338 0.01
635 834 0.01
635 900 0.01
636 670 0.01
636 1105 0.01
636 1112 0.01
636 1643 0.01
636 1822 0.01
637 725 0.01
639 1745 0.01
640 1513 0.01
642 1988 0.01
644 1378 0.01
645 1051 0.01
645 1922 0.01
648 673 0.01
648 750 0.01
650 1333 0.01
651 1056 0.01
651 1495 0.01
652 1259 0.01
652 1400 0.01
655 1637 0.01
655 1851 0.01
658 950 0.01
658 1060 0.01
659 1000 0.01
660 1583 0.01
662 923 0.01
662 1907 0.01
664 896 0.01
664 1253 0.01
667 869 0.01
668 798 0.01
669 1339 0.01
670 1204 0.01
672 1005 0.01
673 984 0.01
674 1520 0.01
674 1637 0.01
675 965 0.01
675 1295 0.01
675 1402 0.01
678 917 0.01
678 1830 0.01
678 1908 0.01
679 1638 0.01
680 1306 0.01
680 1601 0.01
681 922 0.01
683 712 0.01
685 1185 0.01
686 970 0.01
686 1539 0.01
686 1818 0.01
686 1863 0.01
686 1909 0.01
688 729 0.01
688 1287 0.01
689 1754 0.01
690 900 0.01
690 1120 0.01
691 1234 0.01
691 1430 0.01
692 1468 0.01
692 1855 0.01
697 967 0.01
700 1333 0.01
701 1357 0.01
701 1486 0.01
703 1129 0.01
703 1785 0.01
705 749 0.01
705 1504 0.01
706 1798 0.01
707 1563 0.01
707 1916 0.01
709 1832 0.01
710 1357 0.01
715 1648 0.01
716 1587 0.01
717 1263 0.01
717 1494 0.01
719 959 0.01
720 863 0.01
720 917 0.01
720 934 0.01
720 1707 0.01
722 1884 0.01
722 1898 0.01
725 1002 0.01
726 1386 0.01
726 1850 0.01
727 1033 0.01
727 1338 0.01
728 1619 0.01
729 1360 0.01
730 1929 0.01
732 1707 0.01
733 1209 0.01
733 1559 0.01
734 1562 0.01
735 1569 0.01
736 1164 0.01
737 1994 0.01
738 1180 0.01
738 1276 0.01
740 861 0.01
742 1269 0.01
743 1981 0.01
744 1311 0.01
745 777 0.01
746 1060 0.01
749 790 0.01
750 974 0.01
750 1513 0.01
750 1883 0.01
752 1587 0.01
753 1035 0.01
753 1455 0.01
753 1669 0.01
755 1127 0.01
755 1376 0.01
757 775 0.01
757 1039 0.01
758 1045 0.01
759 1908 0.01
761 1471 0.01
761 1839 0.01
762 1617 0.01
763 1134 0.01
763 1759 0.01
764 1411 0.01
764 1680 0.01
765 1402 0.01
765 1991 0.01
766 1875 0.01
767 1364 0.01
769 1573 0.01
769 1675 0.01
770 995 0.01
770 1511 0.01
771 946 0.01
771 1752 0.01
771 1816 0.01
772 1231 0.01
774 805 0.01
774 862 0.01
774 951 0.01
774 1951 0.01
775 1382 0.01
776 1062 0.01
776 1484 0.01
777 991 0.01
779 852 0.01
779 1344 0.01
779 1478 0.01
780 1524 0.01
781 1328 0.01
781 1842 0.01
782 1679 0.01
783 1175 0.01
784 1243 0.01
784 1963 0.01
785 817 0.01
786 850 0.01
786 1014 0.01
786 1144 0.01
787 1268 0.01
788 808 0.01
788 1496 0.01
789 1454 0.01
792 1828 0.01
793 1530 0.01
793 1808 0.01
795 890 0.01
795 1306 0.01
795 1317 0.01
796 821 0.01
796 1061 0.01
799 996 0.01
799 1604 0.01
802 1087 0.01
802 1931 0.01
804 983 0.01
805 1385 0.01
805 1432 0.01
805 1473 0.01
805 1794 0.01
806 895 0.01
806 968 0.01
806 970 0.01
808 1099 0.01
811 927 0.01
812 1527 0.01
813 977 0.01
814 932 0.01
814 1049 0.01
815 1020 0.01
815 1848 0.01
816 1934 0.01
819 1176 0.01
820 822 0.01
820 906 0.01
820 955 0.01
821 1408 0.01
821 1501 0.01
821 1969 0.01
822 1413 0.01
823 1658 0.01
824 1073 0.01
826 1690 0.01
826 1945 0.01
827 1670 0.01
828 1706 0.01
834 1863 0.01
836 1063 0.01
836 1304 0.01
836 1378 0.01
836 1818 0.01
837 1457 0.01
837 1676 0.01
837 1731 0.01
838 1144 0.01
839 1286 0.01
842 1992 0.01
843 1016 0.01
843 1868 0.01
845 1593 0.01
846 1153 0.01
846 1846 0.01
848 871 0.01
848 1021 0.01
848 1879 0.01
849 1293 0.01
850 1614 0.01
851 1088 0.01
851 1201 0.01
851 1604 0.01
853 1063 0.01
853 1721 0.01
854 1173 0.01
855 1973 0.01
856 1537 0.01
857 1644 0.01
858 950 0.01
859 1756 0.01
860 1127 0.01
864 1172 0.01
864 1771 0.01
865 875 0.01
866 1370 0.01
870 1077 0.01
872 975 0.01
873 1577 0.01
874 1405 0.01
875 920 0.01
875 982 0.01
876 1210 0.01
878 1936 0.01
879 897 0.01
879 1771 0.01
880 1071 0.01
881 888 0.01
881 1450 0.01
881 1998 0.01
882 1525 0.01
882 1886 0.01
885 1290 0.01
886 1888 0.01
886 1975 0.01
887 1273 0.01
887 1277 0.01
889 993 0.01
889 1665 0.01
890 1532 0.01
891 1000 0.01
891 1231 0.01
891 1725 0.01
892 1012 0.01
892 1251 0.01
893 1508 0.01
896 1807 0.01
897 1281 0.01
898 988 0.01
899 1584 0.01
902 1571 0.01
903 1410 0.01
904 966 0.01
905 1395 0.01
908 1377 0.01
908 1670 0.01
911 1492 0.01
912 1826 0.01
918 1215 0.01
918 1734 0.01
919 1137 0.01
919 1467 0.01
922 1014 0.01
922 1189 0.01
925 1751 0.01
928 1725 0.01
930 983 0.01
930 1527 0.01
930 1915 0.01
930 1986 0.01
931 1564 0.01
932 1564 0.01
935 1650 0.01
937 970 0.01
937 1979 0.01
938 1122 0.01
939 1443 0.01
939 1765 0.01
940 1079 0.01
942 1220 0.01
942 1684 0.01
942 1986 0.01
944 1432 0.01
944 1967 0.01
945 1827 0.01
945 1842 0.01
946 1620 0.01
947 1377 0.01
947 1496 0.01
949 1153 0.01
949 1242 0.01
949 1988 0.01
950 1011 0.01
952 1072 0.01
954 1050 0.01
954 1177 0.01
955 1549 0.01
955 1710 0.01
956 1366 0.01
956 1639 0.01
956 1941 0.01
957 1478 0.01
958 1334 0.01
960 1967 0.01
962 1147 0.01
963 1580 0.01
968 1041 0.01
969 1228 0.01
970 1326 0.01
970 1718 0.01
973 1448 0.01
974 1985 0.01
976 1301 0.01
976 1597 0.01
977 1126 0.01
977 1431 0.01
977 1629 0.01
978 1673 0.01
978 1964 0.01
979 1290 0.01
980 1169 0.01
985 1198 0.01
985 1632 0.01
987 1089 0.01
987 1092 0.01
987 1190 0.01
987 1301 0.01
988 1799 0.01
989 1315 0.01
998 1179 0.01
998 1348 0.01
999 1263 0.01
1000 1964 0.01
1002 1904 0.01
1002 1938 0.01
1003 1140 0.01
1005 1240 0.01
1006 1026 0.01
1007 1865 0.01
1007 1996 0.01
1008 1703 0.01
1008 1712 0.01
1008 1719 0.01
1009 1032 0.01
1009 1983 0.01
1012 1084 0.01
1015 1950 0.01
1016 1864 0.01
1019 1044 0.01
1019 1893 0.01
1022 1305 0.01
1023 1332 0.01
1023 1386 0.01
1024 1182 0.01
1025 1902 0.01
1028 1238 0.01
1029 1276 0.01
1030 1675 0.01
1031 1312 0.01
1031 1681 0.01
1034 1789 0.01
1035 1176 0.01
1037 1540 0.01
1037 1911 0.01
1040 1186 0.01
1044 1299 0.01
1044 1582 0.01
1046 1271 0.01
1047 1393 0.01
1047 1849 0.01
1051 1921 0.01
1052 1204 0.01
1053 1149 0.01
1058 1307 0.01
1059 1257 0.01
1065 1412 0.01
1069 1082 0.01
1069 1457 0.01
1070 1073 0.01
1072 1422 0.01
1075 1899 0.01
1075 2000 0.01
1076 1417 0.01
1082 1193 0.01
1085 1088 0.01
1086 1937 0.01
1089 1509 0.01
1090 1773 0.01
1091 1703 0.01
1100 1508 0.01
1105 1599 0.01
1109 1208 0.01
1111 1755 0.01
1117 1953 0.01
1118 1633 0.01
1120 1694 0.01
1122 1528 0.01
1122 1860 0.01
1124 1988 0.01
1125 1281 0.01
1125 1307 0.01
1129 1403 0.01
1131 1724 0.01
1132 1529 0.01
1135 1551 0.01
1138 1367 0.01
1138 1469 0.01
1139 1349 0.01
1142 1245 0.01
1142 1918 0.01
1142 1982 0.01
1145 1321 0.01
1148 1303 0.01
1150 1825 0.01
1151 1398 0.01
1154 1731 0.01
1154 1745 0.01
1158 1574 0.01
1158 1741 0.01
1159 1889 0.01
1160 1538 0.01
1161 1821 0.01
1163 1646 0.01
1164 1254 0.01
1164 1803 0.01
1165 1388 0.01
1166 1711 0.01
1171 1587 0.01
1173 1763 0.01
1175 1350 0.01
1175 1815 0.01
1177 1652 0.01
1179 1235 0.01
1179 1524 0.01
1180 1980 0.01
1182 1797 0.01
1183 1239 0.01
1185 1703 0.01
1186 1194 0.01
1190 1489 0.01
1194 1551 0.01
1195 1800 0.01
1196 1470 0.01
1199 1524 0.01
1203 1236 0.01
1203 1699 0.01
1205 1338 0.01
1205 1744 0.01
1208 1256 0.01
1208 1532 0.01
1213 1903 0.01
1215 1369 0.01
1217 1611 0.01
1218 1466 0.01
1221 1920 0.01
1225 1941 0.01
1226 1472 0.01
1227 1879 0.01
1228 1678 0.01
1236 1388 0.01
1237 1670 0.01
1241 1495 0.01
1245 1759 0.01
1246 1548 0.01
1248 1584 0.01
1254 1550 0.01
1254 1869 0.01
1257 1400 0.01
1258 1378 0.01
1260 1409 0.01
1266 1328 0.01
1269 1575 0.01
1276 1701 0.01
1279 1783 0.01
1284 1320 0.01
1286 1826 0.01
1287 1322 0.01
1290 1404 0.01
1291 1856 0.01
1291 1896 0.01
1292 1301 0.01
1293 1646 0.01
1302 1487 0.01
1304 1990 0.01
1308 1607 0.01
1319 1748 0.01
1320 1631 0.01
1324 1725 0.01
1328 1498 0.01
1335 1565 0.01
1337 1557 0.01
1338 1647 0.01
1340 1801 0.01
1346 1635 0.01
1347 1864 0.01
1349 1516 0.01
1350 1419 0.01
1350 1688 0.01
1351 1486 0.01
1355 1648 0.01
1356 1529 0.01
1362 1598 0.01
1365 1848 0.01
1368 1739 0.01
1371 1787 0.01
1377 1810 0.01
1378 1578 0.01
1379 1614 0.01
1392 1510 0.01
1397 1635 0.01
1398 1711 0.01
1406 1446 0.01
1410 1741 0.01
1410 1800 0.01
1414 1858 0.01
1416 1662 0.01
1423 1507 0.01
1426 1541 0.01
1427 1554 0.01
1432 1750 0.01
1441 1956 0.01
1446 1502 0.01
1449 1806 0.01
1450 1927 0.01
1453 1538 0.01
1457 1949 0.01
1458 1905 0.01
1462 1924 0.01
1470 1760 0.01
1470 1780 0.01
1472 1989 0.01
1474 1519 0.01
1476 1533 0.01
1477 1942 0.01
1478 1487 0.01
1480 1843 0.01
1487 1570 0.01
1487 1834 0.01
1491 1887 0.01
1494 1965 0.01
1497 1955 0.01
1503 1546 0.01
1503 1744 0.01
1508 1655 0.01
1513 1531 0.01
1516 1952 0.01
1527 1556 0.01
1530 1721 0.01
1537 1845 0.01
1548 1862 0.01
1551 1579 0.01
1556 1735 0.01
1558 1877 0.01
1564 1890 0.01
1576 1970 0.01
1579 1656 0.01
1612 1849 0.01
1613 1904 0.01
1616 1767 0.01
1630 1981 0.01
1643 1841 0.01
1645 1851 0.01
1653 1827 0.01
1654 1705 0.01
1671 1848 0.01
1672 1938 0.01
1677 1708 0.01
1682 1873 0.01
1685 1971 0.01
1690 1772 0.01
1693 1850 0.01
1705 1741 0.01
1729 1981 0.01
1730 1798 0.01
1736 1936 0.01
1737 1934 0.01
1744 1963 0.01
1749 1895 0.01
1757 1832 0.01
1796 1922 0.01
1814 1969 0.01
1820 1931 0.01
1829 1835 0.01
1856 1947 0.01
1866 1978 0.01
1876 1938 0.01
1906 1931 0.01
1 530 0.02
2 49 0.02
2 1255 0.02
2 1323 0.02
3 1950 0.02
5 662 0.02
6 700 0.02
6 1229 0.02
11 93 0.02
12 391 0.02
12 528 0.02
15 829 0.02
19 1582 0.02
20 486 0.02
25 969 0.02
25 1315 0.02
27 1958 0.02
28 1038 0.02
29 91 0.02
29 1370 0.02
35 1704 0.02
35 1932 0.02
36 224 0.02
36 1663 0.02
38 1588 0.02
42 1658 0.02
52 292 0.02
52 958 0.02
53 768 0.02
55 631 0.02
57 86 0.02
57 1736 0.02
57 1930 0.02
58 374 0.02
58 647 0.02
59 1709 0.02
59 1849 0.02
63 1376 0.02
66 649 0.02
66 1052 0.02
69 1544 0.02
69 1700 0.02
70 606 0.02
71 426 0.02
72 1380 0.02
73 90 0.02
73 854 0.02
73 1136 0.02
77 503 0.02
77 1218 0.02
79 280 0.02
80 511 0.02
82 115 0.02
83 578 0.02
88 1288 0.02
90 940 0.02
90 1720 0.02
91 800 0.02
91 807 0.02
93 1500 0.02
103 415 0.02
104 699 0.02
104 1278 0.02
107 1590 0.02
108 715 0.02
109 376 0.02
111 132 0.02
111 1330 0.02
113 803 0.02
114 1184 0.02
127 1117 0.02
128 894 0.02
130 173 0.02
139 482 0.02
141 1786 0.02
145 638 0.02
146 797 0.02
147 152 0.02
147 404 0.02
156 500 0.02
159 1702 0.02
164 953 0.02
164 1873 0.02
165 1394 0.02
168 198 0.02
168 241 0.02
172 1541 0.02
180 457 0.02
184 1115 0.02
185 1093 0.02
187 430 0.02
190 234 0.02
195 767 0.02
195 1483 0.02
195 1552 0.02
196 650 0.02
199 791 0.02
199 1336 0.02
201 1817 0.02
202 616 0.02
205 259 0.02
205 448 0.02
206 1722 0.02
210 1625 0.02
212 1102 0.02
214 337 0.02
214 1739 0.02
220 324 0.02
220 1661 0.02
227 661 0.02
227 1802 0.02
231 1723 0.02
232 372 0.02
233 1345 0.02
242 1705 0.02
246 1141 0.02
247 1113 0.02
250 320 0.02
251 304 0.02
253 545 0.02
268 739 0.02
276 1398 0.02
289 314 0.02
295 961 0.02
298 1847 0.02
300 1833 0.02
304 1424 0.02
305 1919 0.02
308 1857 0.02
313 1437 0.02
314 1048 0.02
317 1657 0.02
334 1715 0.02
334 1753 0.02
338 1785 0.02
343 669 0.02
344 1881 0.02
347 542 0.02
350 1445 0.02
351 470 0.02
352 1353 0.02
357 611 0.02
358 1358 0.02
359 1381 0.02
361 760 0.02
366 1744 0.02
372 477 0.02
375 820 0.02
379 967 0.02
384 1770 0.02
385 1280 0.02
391 603 0.02
392 1816 0.02
396 1505 0.02
399 811 0.02
401 884 0.02
402 1535 0.02
404 596 0.02
404 1999 0.02
406 1279 0.02
408 1506 0.02
409 1175 0.02
417 1687 0.02
422 1192 0.02
424 1728 0.02
427 493 0.02
427 741 0.02
430 1373 0.02
431 1111 0.02
432 498 0.02
434 1542 0.02
436 1833 0.02
441 1738 0.02
450 990 0.02
452 819 0.02
456 1296 0.02
464 1399 0.02
465 1903 0.02
467 1437 0.02
469 785 0.02
475 1451 0.02
476 1880 0.02
481 534 0.02
483 1523 0.02
496 1168 0.02
496 1223 0.02
498 653 0.02
502 1838 0.02
504 915 0.02
507 530 0.02
508 810 0.02
508 1133 0.02
516 808 0.02
519 1054 0.02
521 1340 0.02
537 1937 0.02
554 1375 0.02
566 1128 0.02
567 788 0.02
570 1174 0.02
572 1596 0.02
584 1010 0.02
587 829 0.02
589 1683 0.02
591 1465 0.02
593 742 0.02
593 1962 0.02
600 724 0.02
614 628 0.02
632 634 0.02
633 1976 0.02
646 1022 0.02
649 1418 0.02
653 702 0.02
654 1840 0.02
658 1581 0.02
663 961 0.02
666 1319 0.02
667 1492 0.02
677 1926 0.02
682 1401 0.02
684 735 0.02
684 1187 0.02
698 1146 0.02
700 1615 0.02
708 885 0.02
713 1202 0.02
714 731 0.02
715 1660 0.02
717 1162 0.02
718 886 0.02
720 1957 0.02
721 1758 0.02
727 1214 0.02
729 1566 0.02
742 1380 0.02
748 1727 0.02
751 1459 0.02
752 1995 0.02
774 1309 0.02
777 1747 0.02
786 1396 0.02
792 1680 0.02
803 1089 0.02
805 1429 0.02
811 1095 0.02
828 886 0.02
833 1609 0.02
841 1623 0.02
847 1586 0.02
856 1460 0.02
875 1871 0.02
882 1436 0.02
883 1776 0.02
896 1746 0.02
900 1152 0.02
901 1960 0.02
904 1784 0.02
913 1040 0.02
936 1148 0.02
940 992 0.02
941 1803 0.02
957 1993 0.02
959 1425 0.02
967 1325 0.02
972 1443 0.02
975 1103 0.02
977 1933 0.02
991 1966 0.02
1004 1615 0.02
1005 1740 0.02
1042 1578 0.02
1078 1341 0.02
1080 1132 0.02
1096 1317 0.02
1105 1823 0.02
1123 1681 0.02
1144 1247 0.02
1212 1711 0.02
1230 1269 0.02
1234 1289 0.02
1235 1568 0.02
1265 1537 0.02
1303 1554 0.02
1304 1819 0.02
1317 1374 0.02
1323 1928 0.02
1331 1973 0.02
1372 1379 0.02
1379 1761 0.02
1434 1622 0.02
1475 1930 0.02
1485 1757 0.02
1512 1794 0.02
1565 1649 0.02
1608 1751 0.02
1616 1674 0.02
1627 1665 0.02
1751 1805 0.02
1769 1914 0.02
1788 1900 0.02
17 1329 0.03
57 1595 0.03
63 943 0.03
63 1110 0.03
74 1327 0.03
78 558 0.03
84 1067 0.03
92 99 0.03
105 117 0.03
123 1641 0.03
131 1233 0.03
142 689 0.03
143 656 0.03
145 1074 0.03
149 656 0.03
158 1262 0.03
170 1663 0.03
203 341 0.03
219 1526 0.03
229 1274 0.03
256 1781 0.03
325 473 0.03
355 511 0.03
405 1972 0.03
421 508 0.03
438 1944 0.03
522 1594 0.03
609 697 0.03
643 1343 0.03
663 1836 0.03
678 696 0.03
723 1928 0.03
904 1589 0.03
909 972 0.03
912 1901 0.03
983 1958 0.03
997 1170 0.03
1068 1462 0.03
1081 1946 0.03
1278 1517 0.03
119 255 0.04
498 693 0.04
643 1606 0.04
921 1506 0.04
1278 1499 0.04
