600
599
85 141 0.01
193 470 0.01
384 451 0.02
396 441 0.02
75 182 0.03
151 484 0.03
36 242 0.04
158 70 0.04
598 333 0.04
356 195 0.05
529 470 0.05
545 588 0.05
558 416 0.06
504 286 0.07
244 513 0.08
254 380 0.08
190 17 0.09
238 54 0.09
23 12 0.1
165 366 0.1
301 169 0.1
511 185 0.1
42 103 0.11
346 142 0.11
360 507 0.11
499 96 0.11
76 67 0.12
194 257 0.12
429 544 0.12
21 467 0.13
169 140 0.13
321 263 0.13
343 281 0.13
512 329 0.13
129 590 0.14
375 459 0.15
111 421 0.16
365 537 0.16
252 419 0.17
77 188 0.18
529 140 0.19
580 249 0.19
210 110 0.2
280 564 0.2
497 412 0.2
525 206 0.2
261 324 0.21
152 232 0.22
201 551 0.22
268 257 0.22
350 297 0.22
581 19 0.22
159 20 0.23
304 47 0.23
308 295 0.23
330 403 0.23
410 592 0.24
219 239 0.26
105 429 0.28
422 363 0.28
472 55 0.28
577 542 0.28
581 284 0.28
119 261 0.3
243 482 0.3
226 354 0.31
348 151 0.31
383 318 0.31
477 45 0.31
536 247 0.31
41 130 0.32
331 419 0.32
203 313 0.33
235 580 0.33
324 131 0.33
352 298 0.33
548 458 0.33
126 403 0.34
531 23 0.35
7 365 0.36
104 550 0.37
92 573 0.38
236 294 0.38
423 435 0.38
435 70 0.38
456 504 0.38
534 111 0.38
36 369 0.39
428 271 0.39
564 83 0.39
500 44 0.4
282 248 0.41
48 130 0.42
463 484 0.42
291 248 0.43
367 439 0.43
457 138 0.43
112 234 0.44
365 65 0.44
130 597 0.45
173 471 0.45
397 83 0.46
205 579 0.47
475 303 0.47
158 585 0.49
195 400 0.49
306 364 0.5
505 30 0.5
415 265 0.51
591 524 0.51
67 19 0.52
247 305 0.52
366 503 0.52
254 461 0.53
383 354 0.54
501 383 0.54
520 332 0.54
541 482 0.54
138 141 0.55
19 398 0.56
37 564 0.56
187 218 0.56
306 222 0.56
233 85 0.57
441 46 0.57
93 392 0.58
227 125 0.58
231 345 0.58
587 310 0.58
589 359 0.58
311 358 0.59
384 544 0.59
575 322 0.59
79 523 0.6
295 150 0.6
374 315 0.6
438 406 0.6
25 219 0.61
137 410 0.61
94 418 0.62
477 358 0.63
128 405 0.64
431 592 0.64
599 431 0.64
178 292 0.65
479 6 0.65
97 421 0.66
120 247 0.67
147 567 0.68
298 201 0.68
568 441 0.69
22 270 0.7
100 442 0.7
192 345 0.7
286 458 0.7
158 574 0.71
219 427 0.71
593 342 0.71
127 270 0.72
224 220 0.72
557 264 0.72
41 484 0.73
163 288 0.73
5 277 0.74
142 429 0.74
219 58 0.74
351 14 0.74
485 457 0.74
278 387 0.75
331 140 0.75
541 29 0.75
587 538 0.75
330 270 0.76
386 236 0.76
501 555 0.76
56 408 0.77
48 62 0.78
337 445 0.78
114 41 0.79
200 471 0.79
272 295 0.79
303 426 0.8
441 487 0.8
563 392 0.8
475 100 0.81
171 550 0.82
495 582 0.82
510 454 0.82
33 232 0.83
313 6 0.83
479 577 0.83
564 149 0.83
8 552 0.84
62 499 0.84
514 298 0.84
585 402 0.84
106 526 0.85
482 31 0.85
29 561 0.86
251 198 0.86
219 491 0.87
221 69 0.87
598 574 0.87
244 351 0.88
516 36 0.88
163 576 0.89
283 358 0.89
283 279 0.89
600 552 0.89
208 198 0.9
590 438 0.9
156 262 0.91
229 252 0.91
356 513 0.91
377 163 0.91
402 152 0.91
482 396 0.91
181 582 0.92
237 357 0.92
81 600 0.93
418 575 0.93
162 436 0.94
530 34 0.94
169 381 0.95
188 280 0.95
227 187 0.95
405 417 0.95
446 496 0.95
486 509 0.95
576 180 0.95
141 518 0.96
257 136 0.97
314 229 0.97
498 295 0.97
298 501 0.98
587 471 0.98
467 144 0.99
288 178 1
537 20 1
256 407 1.01
366 527 1.01
122 300 1.02
142 173 1.02
162 257 1.02
361 47 1.02
375 474 1.02
423 303 1.02
339 242 1.03
563 246 1.05
112 578 1.06
576 529 1.06
487 86 1.07
170 147 1.08
236 552 1.08
237 307 1.08
320 118 1.08
343 337 1.08
433 250 1.08
569 542 1.08
272 151 1.09
17 425 1.1
265 135 1.1
436 325 1.1
447 31 1.1
459 155 1.1
352 57 1.11
247 540 1.12
593 245 1.12
17 575 1.13
42 586 1.13
261 121 1.13
452 502 1.13
575 2 1.15
118 316 1.16
115 77 1.17
414 175 1.17
468 351 1.17
129 25 1.18
235 213 1.19
382 75 1.19
407 417 1.19
404 351 1.2
92 51 1.21
507 541 1.21
246 112 1.22
431 298 1.22
229 427 1.24
433 544 1.25
435 365 1.25
451 197 1.25
257 229 1.26
486 316 1.26
557 251 1.26
79 538 1.27
94 375 1.27
547 55 1.27
59 157 1.28
93 16 1.28
161 351 1.28
234 537 1.28
234 148 1.28
284 413 1.28
383 459 1.29
374 393 1.3
128 410 1.31
378 338 1.31
491 459 1.31
204 19 1.32
295 562 1.32
439 24 1.32
496 236 1.32
291 58 1.33
235 306 1.34
321 417 1.35
439 449 1.35
455 567 1.35
204 340 1.36
524 68 1.36
596 564 1.36
292 44 1.37
478 167 1.37
330 457 1.39
203 232 1.4
391 306 1.4
445 525 1.4
359 78 1.41
27 467 1.42
64 596 1.42
192 387 1.42
569 116 1.42
58 537 1.43
462 295 1.43
506 380 1.43
531 487 1.44
32 491 1.45
394 337 1.45
4 260 1.46
63 126 1.46
182 256 1.46
9 133 1.47
125 333 1.47
329 312 1.47
195 489 1.48
277 40 1.48
427 68 1.48
211 112 1.49
230 232 1.49
97 420 1.5
417 247 1.5
590 336 1.5
139 560 1.52
165 78 1.52
309 561 1.52
555 49 1.52
494 392 1.53
346 567 1.54
13 198 1.55
299 450 1.55
300 545 1.55
425 289 1.55
473 523 1.55
476 438 1.55
490 233 1.55
561 376 1.55
206 427 1.56
85 46 1.57
118 125 1.58
176 189 1.58
316 522 1.58
453 204 1.58
295 318 1.59
357 218 1.59
525 404 1.59
87 313 1.6
378 558 1.6
538 22 1.6
599 364 1.6
2 503 1.61
218 424 1.61
547 91 1.61
491 448 1.62
331 550 1.63
493 140 1.63
204 507 1.64
95 58 1.65
243 159 1.65
385 510 1.65
472 515 1.65
474 207 1.65
207 338 1.68
259 270 1.68
504 159 1.68
544 216 1.68
277 335 1.7
418 8 1.7
129 570 1.71
570 437 1.71
166 148 1.72
224 287 1.72
193 84 1.73
444 516 1.73
418 355 1.74
332 3 1.75
342 203 1.76
533 526 1.77
537 505 1.77
144 536 1.78
243 389 1.78
332 23 1.79
409 277 1.79
46 157 1.8
263 214 1.8
124 224 1.81
191 26 1.81
369 173 1.81
430 72 1.81
170 264 1.82
221 246 1.82
459 469 1.82
316 241 1.83
515 462 1.83
169 99 1.85
387 142 1.85
382 415 1.86
334 14 1.87
115 256 1.88
134 415 1.88
544 238 1.88
253 372 1.9
397 74 1.9
596 255 1.9
82 310 1.91
73 150 1.93
168 113 1.93
530 120 1.93
40 220 1.94
339 124 1.94
61 474 1.95
191 585 1.95
283 223 1.95
368 518 1.95
133 327 1.96
259 521 1.96
62 106 1.97
444 554 1.97
267 291 1.98
458 588 1.98
432 332 1.99
569 296 1.99
293 30 2
167 596 2.01
153 158 2.02
235 549 2.02
1 598 2.03
527 9 2.03
553 558 2.04
123 418 2.05
15 369 2.06
203 290 2.06
371 88 2.06
163 279 2.07
440 454 2.07
338 4 2.1
430 220 2.1
10 537 2.11
373 576 2.11
511 535 2.11
77 428 2.12
189 208 2.12
461 283 2.12
76 464 2.16
175 338 2.16
287 519 2.16
450 429 2.16
138 92 2.17
408 119 2.17
426 543 2.17
111 19 2.18
146 510 2.19
177 70 2.19
498 326 2.22
504 388 2.22
537 184 2.22
183 419 2.23
184 24 2.23
199 453 2.24
393 331 2.24
542 454 2.24
59 121 2.25
84 539 2.26
452 564 2.26
390 67 2.29
517 464 2.3
123 80 2.31
370 27 2.33
43 297 2.34
173 228 2.35
179 134 2.39
355 488 2.41
52 573 2.43
210 82 2.43
266 182 2.47
211 317 2.5
512 495 2.55
495 131 2.59
202 561 2.61
548 341 2.61
580 117 2.61
479 560 2.63
164 507 2.64
565 591 2.64
225 104 2.65
269 316 2.65
275 179 2.66
396 511 2.66
430 47 2.67
239 362 2.68
127 102 2.69
11 91 2.71
384 508 2.72
578 262 2.72
583 51 2.73
146 143 2.74
195 18 2.76
357 302 2.81
254 274 2.82
401 11 2.87
215 546 2.89
472 465 2.89
215 196 2.91
34 172 2.93
423 372 2.96
213 88 2.97
285 554 3
287 572 3
294 43 3.01
180 586 3.02
276 151 3.02
86 349 3.06
319 200 3.06
36 483 3.09
209 550 3.09
377 443 3.11
497 219 3.13
353 534 3.17
594 86 3.2
189 595 3.21
73 71 3.22
168 466 3.23
48 154 3.24
60 428 3.24
240 384 3.24
338 399 3.25
5 205 3.26
462 107 3.35
221 347 3.37
50 567 3.39
218 35 3.4
494 434 3.4
39 198 3.41
492 520 3.42
316 273 3.49
556 460 3.51
460 192 3.53
559 326 3.57
186 525 3.82
344 269 3.84
528 346 3.92
394 323 3.98
518 98 4.04
46 363 4.08
516 571 4.14
556 466 4.16
66 309 4.17
328 507 4.19
454 395 4.26
321 109 4.3
132 409 4.36
500 566 4.36
89 173 4.44
28 406 4.54
28 584 4.56
212 360 4.65
450 215 4.66
561 481 4.68
470 532 4.7
305 90 4.9
38 351 5.07
89 411 5.08
364 101 5.09
101 160 5.33
379 400 5.47
53 371 5.52
17 217 5.7
285 480 5.9
250 145 6.22
174 2 6.39
258 568 6.7
530 108 7.59
