6000
5999
1 75 0.01
1 1461 0.01
1 1529 0.01
1 1853 0.01
1 3151 0.01
1 3335 0.01
1 4864 0.01
1 5596 0.01
2 525 0.01
2 3615 0.01
2 4816 0.01
3 193 0.01
3 566 0.01
3 1075 0.01
3 1835 0.01
3 2199 0.01
3 2406 0.01
3 2433 0.01
3 2781 0.01
3 2918 0.01
3 4044 0.01
3 4051 0.01
3 4894 0.01
3 5286 0.01
4 1690 0.01
4 1924 0.01
4 3005 0.01
4 5135 0.01
4 5389 0.01
5 459 0.01
5 1905 0.01
5 2154 0.01
5 2404 0.01
5 2569 0.01
5 2896 0.01
5 3290 0.01
5 3784 0.01
5 4689 0.01
6 1078 0.01
6 1796 0.01
6 2932 0.01
6 3125 0.01
6 3724 0.01
6 4687 0.01
7 1714 0.01
8 1529 0.01
8 2597 0.01
8 2805 0.01
8 4412 0.01
8 4932 0.01
9 1448 0.01
9 2321 0.01
9 4110 0.01
9 4418 0.01
10 2032 0.01
10 2049 0.01
10 2089 0.01
10 3547 0.01
10 3765 0.01
10 4342 0.01
10 5322 0.01
10 5350 0.01
11 1476 0.01
11 2001 0.01
11 3494 0.01
11 3719 0.01
11 4061 0.01
11 4997 0.01
11 5427 0.01
12 402 0.01
12 2260 0.01
13 234 0.01
13 1863 0.01
13 2424 0.01
13 3802 0.01
13 4130 0.01
13 4315 0.01
13 4465 0.01
13 4778 0.01
13 5972 0.01
14 788 0.01
14 831 0.01
14 2735 0.01
14 2876 0.01
14 3886 0.01
15 1594 0.01
15 3098 0.01
16 473 0.01
16 2312 0.01
16 3156 0.01
17 369 0.01
17 1893 0.01
17 4057 0.01
17 4210 0.01
17 4607 0.01
18 1313 0.01
18 1401 0.01
18 1678 0.01
18 2454 0.01
18 4439 0.01
18 4706 0.01
18 4750 0.01
18 5223 0.01
18 5442 0.01
19 63 0.01
19 932 0.01
19 2487 0.01
19 2805 0.01
19 5317 0.01
20 2374 0.01
20 2858 0.01
20 4412 0.01
20 5304 0.01
20 5665 0.01
21 2187 0.01
21 2759 0.01
21 4720 0.01
21 5638 0.01
22 352 0.01
22 2726 0.01
22 2939 0.01
22 3183 0.01
22 3220 0.01
23 650 0.01
23 1019 0.01
23 1579 0.01
23 1961 0.01
23 2378 0.01
23 2585 0.01
23 3752 0.01
23 4082 0.01
24 1607 0.01
24 1641 0.01
24 1797 0.01
24 3752 0.01
24 4131 0.01
25 2733 0.01
25 3768 0.01
26 244 0.01
26 849 0.01
26 1219 0.01
26 1717 0.01
26 2019 0.01
26 2335 0.01
26 2836 0.01
26 5267 0.01
26 5504 0.01
27 312 0.01
27 1211 0.01
27 1778 0.01
27 4267 0.01
27 5349 0.01
28 866 0.01
28 1271 0.01
28 2249 0.01
28 2428 0.01
28 3213 0.01
28 4422 0.01
28 4920 0.01
29 188 0.01
29 209 0.01
29 821 0.01
29 928 0.01
29 1082 0.01
29 1122 0.01
29 1731 0.01
30 499 0.01
30 1765 0.01
30 1947 0.01
30 2516 0.01
30 3312 0.01
30 4673 0.01
31 424 0.01
31 1273 0.01
31 1990 0.01
31 2409 0.01
32 245 0.01
32 548 0.01
32 2253 0.01
32 3386 0.01
32 3833 0.01
32 3961 0.01
32 4303 0.01
33 181 0.01
33 1608 0.01
33 1698 0.01
33 3148 0.01
33 3492 0.01
33 5107 0.01
33 5276 0.01
34 1235 0.01
34 1641 0.01
34 3399 0.01
34 3447 0.01
34 5883 0.01
34 5913 0.01
35 415 0.01
35 1375 0.01
35 1621 0.01
35 2247 0.01
35 3062 0.01
35 4222 0.01
36 1039 0.01
36 1233 0.01
36 1245 0.01
36 1978 0.01
36 2067 0.01
36 3452 0.01
36 5218 0.01
37 2940 0.01
37 2989 0.01
37 3872 0.01
37 4335 0.01
37 5062 0.01
37 5069 0.01
37 5287 0.01
37 5643 0.01
37 5797 0.01
38 524 0.01
38 2576 0.01
38 4085 0.01
38 4825 0.01
38 5377 0.01
38 5553 0.01
39 198 0.01
39 327 0.01
39 902 0.01
39 1597 0.01
39 1975 0.01
39 4792 0.01
39 5815 0.01
40 68 0.01
40 845 0.01
40 1483 0.01
40 2702 0.01
40 3135 0.01
40 3444 0.01
41 922 0.01
41 1900 0.01
41 3605 0.01
41 4463 0.01
41 4588 0.01
41 4964 0.01
41 5040 0.01
41 5526 0.01
42 358 0.01
42 1569 0.01
42 2688 0.01
42 2846 0.01
42 3975 0.01
43 1783 0.01
43 2330 0.01
43 3605 0.01
43 4273 0.01
43 4428 0.01
44 369 0.01
44 697 0.01
44 1805 0.01
45 3838 0.01
45 4467 0.01
45 5542 0.01
46 259 0.01
46 1485 0.01
46 1770 0.01
46 3539 0.01
46 5192 0.01
47 654 0.01
47 1246 0.01
47 1635 0.01
47 2061 0.01
47 2796 0.01
47 4126 0.01
47 4269 0.01
48 686 0.01
48 2336 0.01
48 2710 0.01
48 3554 0.01
48 4602 0.01
48 4703 0.01
48 4963 0.01
48 5130 0.01
48 5413 0.01
48 5559 0.01
48 5599 0.01
48 5825 0.01
49 264 0.01
49 929 0.01
49 1256 0.01
49 5111 0.01
49 5124 0.01
49 5425 0.01
50 250 0.01
50 596 0.01
50 637 0.01
50 1114 0.01
50 1255 0.01
50 1580 0.01
50 1585 0.01
50 3626 0.01
50 3817 0.01
51 1231 0.01
51 1313 0.01
51 3254 0.01
51 4557 0.01
52 988 0.01
52 1147 0.01
52 1172 0.01
52 2355 0.01
52 2552 0.01
52 2676 0.01
52 2741 0.01
52 4706 0.01
53 1473 0.01
53 2224 0.01
53 2519 0.01
53 2722 0.01
53 3180 0.01
53 5792 0.01
53 5838 0.01
54 564 0.01
54 2783 0.01
54 4594 0.01
54 4672 0.01
55 139 0.01
55 4119 0.01
56 458 0.01
56 960 0.01
56 1019 0.01
56 1718 0.01
56 2790 0.01
56 3028 0.01
56 3517 0.01
57 2229 0.01
57 4111 0.01
57 4560 0.01
57 4687 0.01
57 4888 0.01
57 5507 0.01
57 5970 0.01
58 98 0.01
58 2242 0.01
58 2278 0.01
58 2889 0.01
58 4466 0.01
58 4830 0.01
59 1879 0.01
59 2482 0.01
59 3606 0.01
59 4813 0.01
59 5524 0.01
60 122 0.01
60 1654 0.01
60 2607 0.01
60 4199 0.01
60 4815 0.01
60 5443 0.01
61 788 0.01
61 3460 0.01
61 3911 0.01
62 475 0.01
62 1484 0.01
62 2089 0.01
62 2526 0.01
62 3227 0.01
62 3417 0.01
62 3734 0.01
62 5186 0.01
62 5932 0.01
63 577 0.01
63 1925 0.01
63 2658 0.01
63 3385 0.01
63 5385 0.01
63 5803 0.01
63 5953 0.01
64 2760 0.01
64 3487 0.01
64 3931 0.01
65 574 0.01
65 3286 0.01
65 3963 0.01
65 4124 0.01
65 5010 0.01
65 5134 0.01
65 5223 0.01
66 697 0.01
66 964 0.01
66 1970 0.01
66 3607 0.01
66 3982 0.01
66 4283 0.01
66 5702 0.01
67 198 0.01
67 928 0.01
67 3262 0.01
68 762 0.01
68 1023 0.01
68 3713 0.01
68 4230 0.01
68 4716 0.01
68 4730 0.01
69 433 0.01
69 2610 0.01
69 3143 0.01
69 3786 0.01
69 4082 0.01
70 283 0.01
70 308 0.01
70 511 0.01
70 1488 0.01
70 2761 0.01
70 3450 0.01
70 3654 0.01
70 5451 0.01
71 420 0.01
71 1714 0.01
71 2159 0.01
71 3467 0.01
71 3797 0.01
71 3940 0.01
71 4184 0.01
71 5276 0.01
72 1155 0.01
72 1218 0.01
72 2471 0.01
72 4282 0.01
72 4446 0.01
72 5952 0.01
73 1374 0.01
73 2683 0.01
73 5303 0.01
74 1050 0.01
74 1749 0.01
74 2544 0.01
74 2634 0.01
74 2672 0.01
74 3536 0.01
74 5091 0.01
74 5162 0.01
74 5642 0.01
75 105 0.01
75 2896 0.01
75 3606 0.01
75 5135 0.01
76 78 0.01
76 143 0.01
76 1241 0.01
76 1961 0.01
76 3216 0.01
77 667 0.01
77 4687 0.01
77 4740 0.01
77 4757 0.01
77 5447 0.01
77 5634 0.01
78 104 0.01
78 174 0.01
78 450 0.01
78 1039 0.01
78 1101 0.01
78 1411 0.01
78 2218 0.01
78 4019 0.01
79 813 0.01
79 1351 0.01
79 1846 0.01
79 2243 0.01
79 2950 0.01
79 3140 0.01
79 4147 0.01
79 4408 0.01
79 5072 0.01
79 5467 0.01
80 811 0.01
80 1677 0.01
80 2119 0.01
80 3634 0.01
80 4636 0.01
81 175 0.01
81 645 0.01
81 2388 0.01
81 5879 0.01
81 5956 0.01
82 727 0.01
82 1081 0.01
82 1824 0.01
82 1942 0.01
82 2014 0.01
82 2118 0.01
82 3455 0.01
82 4552 0.01
82 4667 0.01
82 5505 0.01
83 376 0.01
83 528 0.01
83 709 0.01
83 1141 0.01
83 5465 0.01
84 648 0.01
84 3304 0.01
84 3683 0.01
84 5072 0.01
85 627 0.01
85 1774 0.01
85 2031 0.01
85 3438 0.01
85 4587 0.01
85 5959 0.01
86 1300 0.01
86 1594 0.01
86 2271 0.01
86 4190 0.01
86 5084 0.01
87 1025 0.01
87 3002 0.01
87 4342 0.01
88 520 0.01
88 1956 0.01
88 2274 0.01
88 2420 0.01
88 4120 0.01
88 4315 0.01
88 4533 0.01
88 4785 0.01
88 4998 0.01
88 5306 0.01
89 803 0.01
89 1141 0.01
89 2114 0.01
89 2121 0.01
89 2591 0.01
90 286 0.01
90 544 0.01
90 840 0.01
90 1036 0.01
90 1930 0.01
90 2939 0.01
90 5387 0.01
90 5625 0.01
91 1068 0.01
91 3233 0.01
91 5733 0.01
92 638 0.01
92 1822 0.01
92 2634 0.01
92 3799 0.01
92 5261 0.01
92 5588 0.01
93 274 0.01
93 1981 0.01
93 3078 0.01
93 3514 0.01
93 4104 0.01
93 5325 0.01
94 139 0.01
94 3444 0.01
94 3544 0.01
94 3797 0.01
94 4013 0.01
94 4970 0.01
95 364 0.01
95 3983 0.01
95 4679 0.01
95 5577 0.01
96 1569 0.01
96 1814 0.01
96 2208 0.01
96 3080 0.01
96 3814 0.01
96 3983 0.01
96 4848 0.01
97 401 0.01
97 771 0.01
97 3624 0.01
97 4511 0.01
97 5744 0.01
98 1154 0.01
98 1938 0.01
98 4328 0.01
98 4561 0.01
98 5007 0.01
98 5418 0.01
98 5975 0.01
99 440 0.01
99 2778 0.01
99 3459 0.01
99 3719 0.01
99 5213 0.01
100 3266 0.01
100 3340 0.01
100 5823 0.01
100 5919 0.01
101 3023 0.01
101 3251 0.01
101 3270 0.01
101 3772 0.01
101 3869 0.01
101 4060 0.01
101 4544 0.01
101 5376 0.01
102 1338 0.01
102 1401 0.01
102 1445 0.01
102 1459 0.01
102 2622 0.01
102 4590 0.01
102 4940 0.01
102 5069 0.01
103 1181 0.01
103 1341 0.01
103 3397 0.01
103 3550 0.01
103 4471 0.01
104 2817 0.01
104 4086 0.01
104 4355 0.01
104 5067 0.01
105 729 0.01
105 1023 0.01
105 1319 0.01
105 2862 0.01
105 4869 0.01
106 2081 0.01
106 2655 0.01
106 2969 0.01
106 4037 0.01
107 142 0.01
107 743 0.01
107 2018 0.01
107 2647 0.01
108 1041 0.01
108 2255 0.01
108 3198 0.01
108 3560 0.01
108 3875 0.01
108 4497 0.01
108 4710 0.01
108 5992 0.01
109 642 0.01
109 1179 0.01
109 3473 0.01
109 5224 0.01
109 5624 0.01
110 1286 0.01
110 1831 0.01
110 2364 0.01
110 4040 0.01
110 4915 0.01
111 2127 0.01
111 2831 0.01
111 3000 0.01
111 3899 0.01
111 5092 0.01
111 5682 0.01
111 5758 0.01
112 578 0.01
112 1929 0.01
112 4710 0.01
112 5247 0.01
112 5398 0.01
113 321 0.01
113 642 0.01
113 940 0.01
113 4075 0.01
114 497 0.01
114 1577 0.01
114 2333 0.01
114 2646 0.01
114 3157 0.01
114 4891 0.01
114 5521 0.01
115 431 0.01
115 2569 0.01
115 2873 0.01
115 3796 0.01
116 548 0.01
116 1014 0.01
116 2352 0.01
116 4631 0.01
116 5281 0.01
117 1046 0.01
117 1605 0.01
117 2547 0.01
117 2798 0.01
117 3218 0.01
118 284 0.01
118 600 0.01
118 4308 0.01
118 4498 0.01
118 4779 0.01
119 237 0.01
119 2325 0.01
119 3296 0.01
119 4255 0.01
119 4901 0.01
119 5905 0.01
120 749 0.01
120 4043 0.01
120 4129 0.01
120 4864 0.01
120 5378 0.01
120 5882 0.01
121 352 0.01
121 1311 0.01
121 1617 0.01
121 1731 0.01
121 2744 0.01
121 4234 0.01
121 4746 0.01
121 4859 0.01
121 5198 0.01
122 556 0.01
122 791 0.01
122 4725 0.01
122 5620 0.01
123 1360 0.01
123 2510 0.01
123 3169 0.01
123 4312 0.01
123 5203 0.01
123 5864 0.01
124 2200 0.01
124 2251 0.01
124 2434 0.01
124 2477 0.01
124 3309 0.01
124 3795 0.01
124 5218 0.01
125 797 0.01
125 1037 0.01
125 2660 0.01
125 3805 0.01
125 4126 0.01
125 4644 0.01
125 5255 0.01
125 5387 0.01
126 357 0.01
126 383 0.01
126 2362 0.01
126 3008 0.01
126 4375 0.01
126 5062 0.01
126 5356 0.01
127 421 0.01
127 1031 0.01
127 1247 0.01
127 1463 0.01
127 2633 0.01
127 2933 0.01
127 3565 0.01
127 4026 0.01
127 4055 0.01
127 4877 0.01
128 709 0.01
128 1871 0.01
128 2430 0.01
128 2962 0.01
128 3768 0.01
128 4399 0.01
129 2085 0.01
129 2439 0.01
129 2488 0.01
129 2763 0.01
129 3137 0.01
129 4449 0.01
129 4982 0.01
129 5217 0.01
130 3440 0.01
130 4058 0.01
130 4224 0.01
130 4971 0.01
130 5760 0.01
131 489 0.01
131 768 0.01
131 773 0.01
131 1649 0.01
131 1690 0.01
131 2536 0.01
131 2923 0.01
131 3801 0.01
131 5756 0.01
131 5789 0.01
131 5797 0.01
132 1059 0.01
132 1288 0.01
132 2192 0.01
132 2419 0.01
132 3156 0.01
132 5263 0.01
132 5480 0.01
132 5720 0.01
133 2407 0.01
133 2589 0.01
133 3316 0.01
133 3411 0.01
133 4013 0.01
133 4098 0.01
133 5333 0.01
134 3723 0.01
134 5306 0.01
135 2721 0.01
135 4530 0.01
136 1875 0.01
136 2338 0.01
136 3289 0.01
136 3738 0.01
136 3943 0.01
136 5841 0.01
137 161 0.01
137 843 0.01
137 1111 0.01
137 1802 0.01
137 3542 0.01
137 4526 0.01
137 5240 0.01
138 384 0.01
138 1664 0.01
138 5750 0.01
139 1568 0.01
139 5516 0.01
139 5923 0.01
140 402 0.01
140 2961 0.01
140 3624 0.01
140 5338 0.01
140 5356 0.01
141 1705 0.01
141 2790 0.01
141 3118 0.01
141 3179 0.01
141 3191 0.01
141 3730 0.01
141 4855 0.01
141 5503 0.01
141 5590 0.01
142 1557 0.01
142 1693 0.01
142 2636 0.01
142 3920 0.01
142 4090 0.01
142 4545 0.01
142 5056 0.01
142 5932 0.01
143 662 0.01
143 791 0.01
143 1011 0.01
143 4102 0.01
143 5002 0.01
144 540 0.01
144 939 0.01
144 2003 0.01
144 4476 0.01
145 3010 0.01
145 5319 0.01
145 5437 0.01
146 576 0.01
146 2399 0.01
147 1530 0.01
147 1926 0.01
147 2014 0.01
147 2604 0.01
147 2777 0.01
147 4194 0.01
147 4884 0.01
147 5636 0.01
147 5918 0.01
148 1127 0.01
148 3493 0.01
148 4053 0.01
148 4738 0.01
148 5681 0.01
148 5871 0.01
149 1196 0.01
149 1405 0.01
149 3944 0.01
149 4047 0.01
149 4869 0.01
149 5547 0.01
150 201 0.01
150 2490 0.01
150 2599 0.01
150 3150 0.01
150 3836 0.01
150 4730 0.01
151 906 0.01
151 4465 0.01
151 5751 0.01
152 411 0.01
152 4085 0.01
152 5080 0.01
153 491 0.01
153 1232 0.01
153 2573 0.01
153 3911 0.01
153 4562 0.01
153 4804 0.01
154 843 0.01
154 2312 0.01
154 3638 0.01
154 5245 0.01
154 5528 0.01
154 5554 0.01
154 5632 0.01
155 465 0.01
155 511 0.01
155 1356 0.01
155 1385 0.01
155 2110 0.01
155 3499 0.01
155 5221 0.01
155 5577 0.01
155 5579 0.01
156 577 0.01
156 1972 0.01
156 3824 0.01
156 3878 0.01
156 3939 0.01
157 496 0.01
157 876 0.01
157 4072 0.01
157 4595 0.01
158 1436 0.01
158 1573 0.01
158 1673 0.01
158 1950 0.01
158 2106 0.01
158 4132 0.01
159 1231 0.01
159 1762 0.01
159 2198 0.01
159 4424 0.01
159 4538 0.01
159 4646 0.01
160 1096 0.01
160 1659 0.01
161 812 0.01
161 862 0.01
161 1033 0.01
161 1692 0.01
161 2291 0.01
161 2506 0.01
161 3850 0.01
161 4449 0.01
162 618 0.01
162 1300 0.01
163 252 0.01
163 1068 0.01
163 1945 0.01
163 2297 0.01
163 2734 0.01
163 5309 0.01
163 5681 0.01
164 2636 0.01
164 3209 0.01
164 4073 0.01
164 4744 0.01
165 748 0.01
165 834 0.01
165 2035 0.01
165 3796 0.01
165 4361 0.01
165 4764 0.01
165 5485 0.01
165 5582 0.01
166 1014 0.01
166 1880 0.01
166 1945 0.01
166 2165 0.01
166 2387 0.01
166 2944 0.01
166 3121 0.01
166 3287 0.01
166 5161 0.01
166 5589 0.01
166 5877 0.01
167 1865 0.01
167 3064 0.01
167 4135 0.01
167 4681 0.01
167 5091 0.01
168 284 0.01
168 5142 0.01
168 5534 0.01
168 5561 0.01
168 5976 0.01
169 520 0.01
169 1724 0.01
169 1951 0.01
169 2485 0.01
169 2787 0.01
169 2801 0.01
169 3820 0.01
169 4510 0.01
169 4767 0.01
169 5629 0.01
169 5910 0.01
170 222 0.01
170 2146 0.01
170 2170 0.01
170 3474 0.01
170 4260 0.01
170 5166 0.01
170 5709 0.01
171 552 0.01
171 1762 0.01
171 2027 0.01
171 2864 0.01
171 3233 0.01
171 3755 0.01
171 4040 0.01
172 325 0.01
172 1997 0.01
172 2514 0.01
172 2730 0.01
172 3768 0.01
172 4309 0.01
172 5153 0.01
173 1508 0.01
173 1664 0.01
173 2369 0.01
173 3796 0.01
173 3875 0.01
173 4563 0.01
173 5997 0.01
174 1782 0.01
174 1818 0.01
174 2920 0.01
174 4600 0.01
174 5015 0.01
174 5077 0.01
175 675 0.01
175 743 0.01
175 2334 0.01
175 5969 0.01
176 911 0.01
176 1685 0.01
176 1721 0.01
176 2648 0.01
176 2740 0.01
176 4820 0.01
176 5597 0.01
177 1204 0.01
177 1321 0.01
177 1714 0.01
177 2560 0.01
177 5484 0.01
177 5545 0.01
177 5702 0.01
178 809 0.01
178 2034 0.01
178 2108 0.01
178 2408 0.01
178 2443 0.01
178 4147 0.01
178 4169 0.01
179 1727 0.01
179 2401 0.01
179 3191 0.01
180 2316 0.01
180 2536 0.01
180 5550 0.01
180 5686 0.01
181 233 0.01
181 439 0.01
181 617 0.01
181 652 0.01
181 917 0.01
181 1601 0.01
181 4118 0.01
181 5029 0.01
181 5133 0.01
181 5451 0.01
181 5838 0.01
182 1973 0.01
182 3910 0.01
182 4855 0.01
182 5196 0.01
183 2187 0.01
183 2409 0.01
183 4620 0.01
183 4766 0.01
183 4847 0.01
184 2395 0.01
184 3985 0.01
184 4331 0.01
184 4960 0.01
184 5549 0.01
185 960 0.01
185 2079 0.01
185 2139 0.01
185 2796 0.01
185 4324 0.01
185 5086 0.01
185 5550 0.01
186 645 0.01
186 672 0.01
186 692 0.01
186 832 0.01
186 1017 0.01
186 1947 0.01
186 2545 0.01
186 3249 0.01
186 4727 0.01
186 5729 0.01
187 565 0.01
187 1835 0.01
187 2115 0.01
187 2530 0.01
187 3250 0.01
187 3967 0.01
187 5692 0.01
188 933 0.01
188 1510 0.01
188 2480 0.01
188 2709 0.01
188 2715 0.01
188 2969 0.01
188 3823 0.01
188 4610 0.01
189 744 0.01
189 1833 0.01
189 2489 0.01
189 3344 0.01
189 4676 0.01
189 5698 0.01
190 981 0.01
190 2255 0.01
190 3161 0.01
191 2055 0.01
191 3377 0.01
191 4120 0.01
191 5372 0.01
192 483 0.01
192 708 0.01
192 915 0.01
192 1353 0.01
192 1890 0.01
192 4690 0.01
192 5174 0.01
193 624 0.01
193 2001 0.01
193 3298 0.01
193 4501 0.01
193 5828 0.01
194 503 0.01
194 1694 0.01
194 3950 0.01
194 4382 0.01
194 4444 0.01
195 2893 0.01
195 3064 0.01
195 4444 0.01
195 5329 0.01
196 720 0.01
196 1298 0.01
196 2077 0.01
196 2189 0.01
196 3503 0.01
196 5667 0.01
196 5837 0.01
197 715 0.01
197 1329 0.01
197 3063 0.01
197 3712 0.01
197 4112 0.01
198 1956 0.01
198 3602 0.01
198 4755 0.01
199 962 0.01
199 2832 0.01
199 3376 0.01
200 414 0.01
200 1696 0.01
200 2074 0.01
200 2673 0.01
200 3766 0.01
200 5090 0.01
201 856 0.01
201 1535 0.01
201 3668 0.01
201 4380 0.01
201 5172 0.01
202 2366 0.01
202 2492 0.01
202 2716 0.01
202 3463 0.01
202 4183 0.01
203 316 0.01
203 3039 0.01
203 3148 0.01
203 5331 0.01
204 740 0.01
204 3619 0.01
204 4480 0.01
204 4872 0.01
204 4954 0.01
204 5770 0.01
205 3389 0.01
205 5011 0.01
205 5778 0.01
206 2217 0.01
206 2646 0.01
206 3709 0.01
206 3734 0.01
206 3807 0.01
206 4649 0.01
206 5639 0.01
207 437 0.01
207 1437 0.01
207 1739 0.01
207 3844 0.01
207 3888 0.01
207 4099 0.01
207 4329 0.01
207 5729 0.01
208 450 0.01
208 1072 0.01
208 1157 0.01
208 1543 0.01
208 2090 0.01
208 2677 0.01
208 4720 0.01
208 5131 0.01
209 1239 0.01
209 1598 0.01
209 2100 0.01
209 2999 0.01
209 3196 0.01
210 4410 0.01
210 5121 0.01
210 5341 0.01
211 595 0.01
211 1290 0.01
211 1479 0.01
211 2021 0.01
211 3747 0.01
211 4017 0.01
211 4965 0.01
211 5382 0.01
212 1149 0.01
212 1458 0.01
212 2340 0.01
212 3171 0.01
212 3460 0.01
212 3558 0.01
212 5274 0.01
213 3928 0.01
213 5335 0.01
213 5699 0.01
213 5827 0.01
214 696 0.01
214 2724 0.01
214 3885 0.01
214 3895 0.01
215 476 0.01
215 1903 0.01
215 3369 0.01
215 3564 0.01
215 4992 0.01
216 1146 0.01
216 1541 0.01
216 2099 0.01
216 2162 0.01
216 2590 0.01
216 3719 0.01
216 4100 0.01
217 652 0.01
217 1701 0.01
217 2137 0.01
217 4100 0.01
217 4258 0.01
217 4803 0.01
217 4873 0.01
217 5226 0.01
217 5936 0.01
218 2002 0.01
218 4191 0.01
219 2658 0.01
219 2735 0.01
219 3256 0.01
219 3292 0.01
219 4700 0.01
219 5006 0.01
219 5872 0.01
220 363 0.01
220 3657 0.01
220 4810 0.01
220 5094 0.01
220 5431 0.01
220 5713 0.01
221 673 0.01
221 1015 0.01
221 1044 0.01
221 1065 0.01
221 1689 0.01
221 2069 0.01
221 3310 0.01
221 5118 0.01
221 5181 0.01
222 1446 0.01
222 1601 0.01
222 2206 0.01
222 2473 0.01
222 3789 0.01
222 5635 0.01
222 5661 0.01
223 731 0.01
223 1267 0.01
223 1449 0.01
223 1524 0.01
223 2798 0.01
223 3305 0.01
223 3640 0.01
223 5209 0.01
223 5609 0.01
223 5925 0.01
224 274 0.01
224 4103 0.01
224 4403 0.01
224 4943 0.01
224 5370 0.01
224 5972 0.01
225 429 0.01
225 518 0.01
225 1886 0.01
225 3439 0.01
225 3482 0.01
225 4324 0.01
225 4603 0.01
225 5367 0.01
225 5390 0.01
226 761 0.01
226 2025 0.01
226 2144 0.01
226 2232 0.01
226 2503 0.01
226 3173 0.01
226 3502 0.01
226 3581 0.01
227 562 0.01
227 809 0.01
227 1403 0.01
227 2225 0.01
227 2447 0.01
227 3705 0.01
227 4969 0.01
227 5247 0.01
227 5293 0.01
228 1228 0.01
228 1311 0.01
228 2624 0.01
228 2869 0.01
228 3912 0.01
228 4629 0.01
228 4656 0.01
228 5583 0.01
229 281 0.01
229 1487 0.01
229 2025 0.01
229 2154 0.01
229 2494 0.01
229 3009 0.01
229 5446 0.01
229 5820 0.01
230 1546 0.01
230 1600 0.01
230 3747 0.01
230 5224 0.01
231 1057 0.01
231 2932 0.01
231 3686 0.01
231 3790 0.01
232 1556 0.01
232 1751 0.01
232 2509 0.01
232 3025 0.01
232 3379 0.01
232 3901 0.01
232 4062 0.01
232 5331 0.01
233 514 0.01
233 2204 0.01
233 4223 0.01
233 4323 0.01
233 4459 0.01
234 1372 0.01
234 1989 0.01
234 4054 0.01
234 5944 0.01
235 1262 0.01
235 1365 0.01
235 2583 0.01
235 2638 0.01
235 3269 0.01
235 3630 0.01
235 4151 0.01
235 5245 0.01
235 5597 0.01
235 5783 0.01
236 1004 0.01
236 4149 0.01
236 4244 0.01
236 5535 0.01
237 359 0.01
237 593 0.01
237 1090 0.01
237 1804 0.01
237 2321 0.01
237 3501 0.01
237 4159 0.01
237 4507 0.01
238 746 0.01
238 961 0.01
238 1489 0.01
238 2001 0.01
238 2470 0.01
238 3119 0.01
238 4351 0.01
238 4507 0.01
238 4555 0.01
239 268 0.01
239 2829 0.01
239 3633 0.01
239 4173 0.01
240 282 0.01
240 902 0.01
240 1067 0.01
240 1186 0.01
240 1722 0.01
240 5772 0.01
241 2110 0.01
241 2265 0.01
241 2418 0.01
241 2469 0.01
241 4193 0.01
241 4762 0.01
242 1986 0.01
242 2254 0.01
242 3028 0.01
242 3664 0.01
242 4759 0.01
242 4995 0.01
242 5943 0.01
243 1252 0.01
243 3381 0.01
243 3586 0.01
243 3879 0.01
243 3930 0.01
243 4414 0.01
243 5112 0.01
243 5752 0.01
244 573 0.01
244 1635 0.01
244 2311 0.01
244 2522 0.01
244 3644 0.01
244 4076 0.01
244 5257 0.01
245 1171 0.01
245 3023 0.01
245 4774 0.01
245 5773 0.01
245 5907 0.01
246 1157 0.01
246 1386 0.01
246 3315 0.01
246 3573 0.01
246 3781 0.01
246 4003 0.01
246 4042 0.01
246 4276 0.01
246 4692 0.01
247 844 0.01
247 921 0.01
247 2828 0.01
247 3077 0.01
247 4216 0.01
247 5965 0.01
248 1736 0.01
248 4608 0.01
248 4883 0.01
248 5652 0.01
249 251 0.01
249 1041 0.01
249 1668 0.01
249 2269 0.01
249 2887 0.01
249 3214 0.01
249 3330 0.01
249 3352 0.01
249 5695 0.01
249 5865 0.01
250 423 0.01
250 561 0.01
250 1283 0.01
250 1393 0.01
250 2116 0.01
250 2458 0.01
250 2525 0.01
250 3323 0.01
250 3589 0.01
250 3590 0.01
250 5262 0.01
250 5293 0.01
250 5825 0.01
251 313 0.01
251 702 0.01
251 2368 0.01
251 4263 0.01
251 4317 0.01
251 4592 0.01
251 5017 0.01
251 5945 0.01
252 1212 0.01
252 1938 0.01
252 2300 0.01
252 2508 0.01
252 2841 0.01
252 3004 0.01
252 3217 0.01
252 3552 0.01
252 3893 0.01
252 4084 0.01
252 5340 0.01
253 333 0.01
253 4473 0.01
253 4534 0.01
253 4919 0.01
253 5304 0.01
253 5339 0.01
253 5543 0.01
253 5935 0.01
254 1561 0.01
254 1681 0.01
254 1764 0.01
254 2442 0.01
254 3112 0.01
254 3866 0.01
254 4386 0.01
254 4630 0.01
255 341 0.01
255 2794 0.01
255 3214 0.01
255 4136 0.01
255 4141 0.01
255 5506 0.01
256 393 0.01
256 1255 0.01
256 1256 0.01
256 2104 0.01
256 5700 0.01
257 2837 0.01
257 3446 0.01
257 5801 0.01
257 5938 0.01
258 904 0.01
258 1078 0.01
258 1682 0.01
258 2123 0.01
258 4040 0.01
258 4364 0.01
258 4976 0.01
258 5429 0.01
259 4940 0.01
259 5844 0.01
260 979 0.01
260 1000 0.01
260 1468 0.01
260 1733 0.01
260 4085 0.01
261 2532 0.01
261 2710 0.01
261 3353 0.01
261 3610 0.01
261 5626 0.01
261 5840 0.01
261 5845 0.01
261 5861 0.01
262 1264 0.01
262 3066 0.01
262 3122 0.01
262 3262 0.01
262 3593 0.01
262 4388 0.01
263 657 0.01
263 2480 0.01
263 2763 0.01
263 3225 0.01
263 3899 0.01
263 4748 0.01
264 2006 0.01
264 2732 0.01
264 3700 0.01
264 3918 0.01
264 4290 0.01
264 5762 0.01
265 976 0.01
265 2109 0.01
265 3486 0.01
265 5194 0.01
265 5396 0.01
266 588 0.01
266 2437 0.01
266 5168 0.01
266 5256 0.01
267 808 0.01
267 1495 0.01
267 1614 0.01
267 2728 0.01
267 4283 0.01
267 4843 0.01
268 2502 0.01
268 3270 0.01
268 3422 0.01
268 4032 0.01
268 5573 0.01
268 5806 0.01
269 648 0.01
269 1773 0.01
269 4308 0.01
269 4436 0.01
269 4941 0.01
270 345 0.01
270 484 0.01
270 666 0.01
270 1088 0.01
270 1556 0.01
270 1811 0.01
270 2647 0.01
270 2789 0.01
270 4160 0.01
270 4201 0.01
271 533 0.01
271 1390 0.01
271 3334 0.01
271 3963 0.01
271 4657 0.01
271 4849 0.01
272 743 0.01
272 2593 0.01
272 3168 0.01
272 3454 0.01
272 3463 0.01
272 3732 0.01
272 4518 0.01
273 1090 0.01
273 5655 0.01
274 1786 0.01
274 2400 0.01
274 4636 0.01
274 5584 0.01
275 3034 0.01
275 4367 0.01
275 5244 0.01
276 2588 0.01
276 5692 0.01
277 1051 0.01
277 1523 0.01
277 2260 0.01
277 3879 0.01
277 4088 0.01
277 5988 0.01
278 410 0.01
278 3102 0.01
278 4153 0.01
278 4471 0.01
278 4768 0.01
278 5066 0.01
278 5263 0.01
278 5302 0.01
279 2174 0.01
279 3127 0.01
279 4105 0.01
279 4206 0.01
279 4351 0.01
279 5256 0.01
279 5784 0.01
280 2079 0.01
280 2938 0.01
280 3145 0.01
280 3155 0.01
280 4301 0.01
280 4666 0.01
281 1260 0.01
281 1406 0.01
281 1576 0.01
281 3264 0.01
281 3737 0.01
281 5809 0.01
281 5868 0.01
282 307 0.01
282 1544 0.01
282 4587 0.01
282 4616 0.01
282 5986 0.01
283 2105 0.01
283 2820 0.01
283 3793 0.01
284 1021 0.01
284 4605 0.01
284 5985 0.01
285 3248 0.01
285 3923 0.01
285 4733 0.01
285 4820 0.01
286 1646 0.01
286 1672 0.01
286 4808 0.01
287 2009 0.01
287 5361 0.01
287 5537 0.01
287 5658 0.01
288 953 0.01
288 1325 0.01
288 2389 0.01
288 4191 0.01
289 746 0.01
289 1004 0.01
289 1093 0.01
289 4492 0.01
290 349 0.01
290 619 0.01
290 1359 0.01
290 1995 0.01
290 2809 0.01
290 3092 0.01
290 4751 0.01
290 4800 0.01
290 5161 0.01
290 5185 0.01
290 5687 0.01
291 1083 0.01
291 1245 0.01
291 2193 0.01
291 2890 0.01
291 4018 0.01
291 4826 0.01
292 786 0.01
292 2136 0.01
292 3484 0.01
292 3531 0.01
292 3554 0.01
293 1784 0.01
293 2873 0.01
293 3193 0.01
293 4531 0.01
293 5167 0.01
294 351 0.01
294 987 0.01
294 1678 0.01
294 3031 0.01
294 5337 0.01
295 846 0.01
295 894 0.01
295 1376 0.01
295 2429 0.01
295 2965 0.01
295 4187 0.01
295 4593 0.01
295 5613 0.01
295 5852 0.01
296 2244 0.01
296 4261 0.01
297 690 0.01
297 1582 0.01
297 1869 0.01
297 2555 0.01
297 2693 0.01
297 4567 0.01
298 423 0.01
298 2882 0.01
298 2955 0.01
298 3043 0.01
298 3809 0.01
298 5796 0.01
299 547 0.01
299 1395 0.01
299 1439 0.01
299 1589 0.01
299 2108 0.01
300 616 0.01
300 1145 0.01
300 1581 0.01
300 2463 0.01
300 2758 0.01
300 4069 0.01
300 4610 0.01
301 631 0.01
301 1572 0.01
301 2160 0.01
301 2384 0.01
301 3244 0.01
301 3834 0.01
301 5723 0.01
302 512 0.01
302 2294 0.01
302 4062 0.01
303 3027 0.01
303 3067 0.01
303 4492 0.01
304 3338 0.01
304 3561 0.01
304 4508 0.01
305 2812 0.01
305 3042 0.01
305 4100 0.01
306 1513 0.01
306 5262 0.01
306 5296 0.01
307 1757 0.01
307 2373 0.01
307 3876 0.01
307 4135 0.01
307 5755 0.01
308 1955 0.01
308 2258 0.01
308 2344 0.01
308 3367 0.01
308 4760 0.01
308 4861 0.01
309 1091 0.01
309 2264 0.01
309 2329 0.01
309 2849 0.01
309 3231 0.01
309 3405 0.01
309 4705 0.01
309 5974 0.01
310 1986 0.01
310 2047 0.01
310 4398 0.01
310 4898 0.01
311 2518 0.01
311 2670 0.01
311 5653 0.01
312 736 0.01
312 1512 0.01
312 1552 0.01
312 2431 0.01
312 3204 0.01
312 5149 0.01
313 454 0.01
313 540 0.01
313 1687 0.01
313 2450 0.01
313 4237 0.01
313 4321 0.01
313 5897 0.01
314 1122 0.01
314 5396 0.01
314 5492 0.01
315 1836 0.01
315 2017 0.01
315 2491 0.01
315 4357 0.01
315 5211 0.01
315 5217 0.01
316 3777 0.01
316 5082 0.01
317 1081 0.01
317 1513 0.01
317 1603 0.01
317 1842 0.01
317 3764 0.01
317 3856 0.01
317 5464 0.01
318 2283 0.01
318 2696 0.01
318 3085 0.01
318 4361 0.01
318 5470 0.01
319 2497 0.01
319 3035 0.01
319 3951 0.01
319 4142 0.01
319 4904 0.01
320 1237 0.01
320 2015 0.01
320 2255 0.01
320 2314 0.01
320 2330 0.01
320 3026 0.01
320 5319 0.01
321 4271 0.01
321 5428 0.01
322 413 0.01
322 2855 0.01
322 3717 0.01
322 4662 0.01
323 1149 0.01
323 1798 0.01
323 3101 0.01
323 4445 0.01
323 5741 0.01
324 384 0.01
324 1455 0.01
324 2574 0.01
324 3279 0.01
324 4407 0.01
324 4484 0.01
325 759 0.01
325 1643 0.01
325 2322 0.01
325 2324 0.01
325 3998 0.01
325 4142 0.01
325 4782 0.01
326 1237 0.01
326 2310 0.01
327 3760 0.01
327 4973 0.01
327 5295 0.01
328 1411 0.01
328 2130 0.01
328 2959 0.01
328 3048 0.01
328 3089 0.01
329 1604 0.01
329 1616 0.01
329 2545 0.01
329 2556 0.01
329 2808 0.01
329 3356 0.01
329 3595 0.01
329 3932 0.01
329 5707 0.01
330 1384 0.01
330 1395 0.01
330 2266 0.01
330 2286 0.01
330 4065 0.01
330 5459 0.01
330 5509 0.01
331 823 0.01
331 904 0.01
331 3280 0.01
331 4462 0.01
331 5979 0.01
332 1401 0.01
332 1987 0.01
332 4837 0.01
332 5308 0.01
333 522 0.01
333 4546 0.01
333 5850 0.01
334 399 0.01
334 837 0.01
334 1173 0.01
334 2324 0.01
334 3259 0.01
334 3688 0.01
334 5133 0.01
335 2213 0.01
335 2441 0.01
335 2652 0.01
335 3562 0.01
335 3836 0.01
335 5674 0.01
336 1575 0.01
336 2664 0.01
336 3054 0.01
336 3874 0.01
336 3886 0.01
336 4320 0.01
337 737 0.01
337 5904 0.01
338 1518 0.01
338 4330 0.01
338 4574 0.01
338 4688 0.01
338 4928 0.01
339 2464 0.01
339 3757 0.01
339 4763 0.01
340 452 0.01
340 1161 0.01
340 1382 0.01
340 3056 0.01
340 3499 0.01
340 4483 0.01
341 826 0.01
341 3174 0.01
342 1116 0.01
342 2612 0.01
342 3405 0.01
342 4284 0.01
342 4798 0.01
343 1327 0.01
343 2370 0.01
343 2525 0.01
343 3325 0.01
344 1218 0.01
344 1834 0.01
344 1913 0.01
344 3748 0.01
344 3909 0.01
344 4460 0.01
344 4742 0.01
344 5020 0.01
344 5037 0.01
344 5713 0.01
345 1560 0.01
345 2245 0.01
345 3095 0.01
345 3845 0.01
345 3889 0.01
345 3991 0.01
345 4655 0.01
346 545 0.01
346 1217 0.01
346 1597 0.01
346 4001 0.01
346 4559 0.01
346 4688 0.01
346 5224 0.01
346 5497 0.01
347 633 0.01
347 930 0.01
347 1641 0.01
347 2083 0.01
347 3785 0.01
347 5735 0.01
348 441 0.01
348 619 0.01
348 1166 0.01
348 4938 0.01
349 1281 0.01
349 1317 0.01
349 3203 0.01
349 3694 0.01
350 614 0.01
350 1104 0.01
350 1397 0.01
350 1430 0.01
350 1898 0.01
350 2034 0.01
350 4946 0.01
350 5697 0.01
351 564 0.01
351 2359 0.01
351 2865 0.01
351 3900 0.01
351 4267 0.01
351 4835 0.01
351 5038 0.01
351 5114 0.01
352 1771 0.01
352 3322 0.01
352 4902 0.01
353 504 0.01
353 805 0.01
353 3125 0.01
354 543 0.01
354 814 0.01
354 1578 0.01
354 1876 0.01
354 2865 0.01
354 4198 0.01
354 4890 0.01
355 835 0.01
355 1408 0.01
355 3556 0.01
355 3615 0.01
355 4125 0.01
355 4992 0.01
355 5125 0.01
355 5233 0.01
355 5422 0.01
356 733 0.01
356 1352 0.01
356 1470 0.01
356 4478 0.01
356 5552 0.01
357 1948 0.01
357 3238 0.01
357 5512 0.01
358 368 0.01
358 4572 0.01
358 4731 0.01
359 2900 0.01
359 3996 0.01
360 461 0.01
360 1826 0.01
360 2209 0.01
360 3192 0.01
360 3338 0.01
360 3960 0.01
360 4907 0.01
361 389 0.01
361 1037 0.01
361 2954 0.01
361 3731 0.01
362 1138 0.01
362 2579 0.01
362 2821 0.01
363 926 0.01
363 2998 0.01
363 5710 0.01
364 949 0.01
364 1263 0.01
364 1917 0.01
364 3919 0.01
364 4005 0.01
364 4296 0.01
365 1752 0.01
365 2990 0.01
365 3052 0.01
365 3386 0.01
365 4127 0.01
365 4990 0.01
365 5867 0.01
365 5921 0.01
366 813 0.01
366 1322 0.01
366 1932 0.01
366 2205 0.01
366 5219 0.01
366 5441 0.01
367 1097 0.01
367 1669 0.01
367 2576 0.01
367 3070 0.01
367 3374 0.01
367 4920 0.01
367 4950 0.01
367 5109 0.01
367 5675 0.01
368 1197 0.01
368 2721 0.01
368 4949 0.01
369 774 0.01
369 800 0.01
369 817 0.01
369 2190 0.01
369 5207 0.01
369 5631 0.01
370 1603 0.01
370 2339 0.01
370 3041 0.01
370 3567 0.01
370 5055 0.01
371 553 0.01
371 2014 0.01
371 2605 0.01
371 2973 0.01
371 3671 0.01
371 4945 0.01
371 5290 0.01
371 5469 0.01
372 2352 0.01
372 5138 0.01
372 5190 0.01
373 1250 0.01
373 1788 0.01
374 2179 0.01
374 3400 0.01
374 3895 0.01
374 5202 0.01
375 1744 0.01
375 1990 0.01
375 2633 0.01
375 5787 0.01
376 513 0.01
376 3695 0.01
376 4144 0.01
376 5052 0.01
377 1551 0.01
377 2805 0.01
377 3063 0.01
377 4218 0.01
378 639 0.01
378 670 0.01
378 1646 0.01
378 3007 0.01
378 3720 0.01
378 5691 0.01
379 980 0.01
379 1270 0.01
379 4605 0.01
379 4933 0.01
379 5152 0.01
380 953 0.01
380 1147 0.01
380 1295 0.01
380 3693 0.01
380 4423 0.01
380 4682 0.01
380 5195 0.01
380 5898 0.01
381 415 0.01
381 634 0.01
381 2938 0.01
381 3877 0.01
381 5341 0.01
381 5822 0.01
382 635 0.01
382 2689 0.01
382 2967 0.01
382 3124 0.01
382 4031 0.01
382 4073 0.01
382 4634 0.01
383 3073 0.01
383 3405 0.01
383 3453 0.01
383 5148 0.01
384 698 0.01
384 1352 0.01
384 1528 0.01
384 1675 0.01
384 3622 0.01
384 3829 0.01
384 3830 0.01
384 5026 0.01
385 425 0.01
385 622 0.01
385 771 0.01
385 2673 0.01
386 411 0.01
386 1765 0.01
386 2059 0.01
386 2895 0.01
387 1418 0.01
387 1782 0.01
387 2627 0.01
388 645 0.01
388 1374 0.01
388 1490 0.01
388 2381 0.01
388 3871 0.01
388 5904 0.01
389 1309 0.01
389 3976 0.01
390 2611 0.01
390 5075 0.01
390 5201 0.01
391 847 0.01
391 2918 0.01
391 5859 0.01
392 2531 0.01
392 2966 0.01
392 3170 0.01
392 3543 0.01
392 3838 0.01
392 5179 0.01
393 598 0.01
393 1736 0.01
393 2054 0.01
393 4612 0.01
394 1718 0.01
394 2052 0.01
394 2527 0.01
394 2892 0.01
394 4421 0.01
395 974 0.01
395 989 0.01
395 1883 0.01
395 2045 0.01
395 2193 0.01
395 3557 0.01
395 5095 0.01
396 723 0.01
396 1493 0.01
396 2111 0.01
396 3186 0.01
396 3821 0.01
396 3870 0.01
396 4213 0.01
396 5128 0.01
397 2061 0.01
397 2656 0.01
397 3212 0.01
397 4802 0.01
397 5591 0.01
398 793 0.01
398 2423 0.01
398 2692 0.01
398 5339 0.01
399 1285 0.01
399 2875 0.01
399 2987 0.01
399 3038 0.01
399 4753 0.01
399 5184 0.01
400 982 0.01
400 1311 0.01
400 4458 0.01
400 5264 0.01
401 3535 0.01
401 4015 0.01
401 4138 0.01
401 4685 0.01
402 1398 0.01
402 4988 0.01
402 5991 0.01
403 601 0.01
403 1541 0.01
403 2305 0.01
403 3267 0.01
404 420 0.01
404 532 0.01
404 1422 0.01
405 2791 0.01
405 3342 0.01
405 4042 0.01
406 1289 0.01
406 1694 0.01
406 2313 0.01
406 3022 0.01
406 4799 0.01
406 5106 0.01
407 656 0.01
407 833 0.01
407 1306 0.01
407 2217 0.01
407 2432 0.01
407 3271 0.01
407 3928 0.01
407 4506 0.01
407 4909 0.01
407 5404 0.01
407 5696 0.01
407 5831 0.01
408 1162 0.01
408 1707 0.01
408 1998 0.01
408 2167 0.01
408 2800 0.01
408 2925 0.01
408 3666 0.01
408 4164 0.01
408 4626 0.01
409 540 0.01
409 674 0.01
409 770 0.01
409 1965 0.01
409 2000 0.01
409 3684 0.01
409 5125 0.01
410 766 0.01
410 2440 0.01
410 3933 0.01
410 5757 0.01
410 5790 0.01
411 2361 0.01
411 2620 0.01
411 3045 0.01
412 721 0.01
412 1053 0.01
412 4355 0.01
412 5278 0.01
413 1818 0.01
413 3617 0.01
413 4906 0.01
413 5779 0.01
414 3955 0.01
414 4272 0.01
414 4318 0.01
415 2886 0.01
415 4349 0.01
415 4842 0.01
416 1863 0.01
416 2241 0.01
416 3887 0.01
416 4195 0.01
416 4212 0.01
416 4214 0.01
416 5622 0.01
416 5761 0.01
417 709 0.01
417 1410 0.01
417 3516 0.01
417 4851 0.01
417 5924 0.01
418 1510 0.01
418 2568 0.01
418 3952 0.01
418 5419 0.01
419 1917 0.01
419 2288 0.01
419 2472 0.01
419 4882 0.01
419 5551 0.01
420 954 0.01
420 967 0.01
420 2649 0.01
420 3153 0.01
420 3865 0.01
420 5094 0.01
421 2376 0.01
421 4503 0.01
421 5046 0.01
422 575 0.01
422 1003 0.01
422 1350 0.01
422 1377 0.01
422 1872 0.01
422 3139 0.01
422 3845 0.01
423 2870 0.01
423 3576 0.01
423 3706 0.01
423 4253 0.01
423 4513 0.01
423 4923 0.01
423 4924 0.01
424 603 0.01
424 3926 0.01
424 5022 0.01
425 3359 0.01
425 3669 0.01
425 3791 0.01
425 5902 0.01
426 1026 0.01
426 2040 0.01
426 3568 0.01
426 4138 0.01
426 4551 0.01
427 1238 0.01
427 1583 0.01
427 1991 0.01
427 2579 0.01
427 2657 0.01
427 2806 0.01
427 3287 0.01
427 3391 0.01
427 5612 0.01
428 1913 0.01
428 3697 0.01
428 4067 0.01
428 4470 0.01
428 5234 0.01
428 5680 0.01
429 938 0.01
429 2803 0.01
429 3965 0.01
430 1297 0.01
430 4084 0.01
430 4585 0.01
430 4669 0.01
430 4781 0.01
431 1249 0.01
431 3172 0.01
431 5493 0.01
432 1349 0.01
432 1829 0.01
432 2117 0.01
432 2322 0.01
432 4794 0.01
432 5292 0.01
433 1619 0.01
433 3758 0.01
433 4096 0.01
433 5327 0.01
434 3120 0.01
434 3558 0.01
434 4777 0.01
434 5706 0.01
435 1314 0.01
435 1451 0.01
435 1665 0.01
435 3193 0.01
435 3498 0.01
435 3520 0.01
435 3545 0.01
435 5819 0.01
436 1120 0.01
436 2624 0.01
436 2949 0.01
437 5502 0.01
437 5980 0.01
438 459 0.01
438 3437 0.01
438 5117 0.01
439 1435 0.01
439 4359 0.01
440 1183 0.01
440 1565 0.01
440 1869 0.01
440 1943 0.01
441 2365 0.01
441 3956 0.01
441 4029 0.01
442 2362 0.01
442 4502 0.01
442 4527 0.01
442 5890 0.01
443 1324 0.01
443 1644 0.01
443 3620 0.01
444 908 0.01
444 1412 0.01
444 1561 0.01
444 2362 0.01
444 5215 0.01
445 809 0.01
445 1766 0.01
445 2342 0.01
445 4058 0.01
445 5122 0.01
446 518 0.01
447 508 0.01
447 2710 0.01
447 3649 0.01
447 4580 0.01
448 1047 0.01
448 1178 0.01
448 1221 0.01
448 1225 0.01
448 1488 0.01
448 2268 0.01
448 2517 0.01
448 2577 0.01
448 2681 0.01
448 5354 0.01
449 1374 0.01
449 3510 0.01
449 4893 0.01
449 5742 0.01
449 5854 0.01
450 653 0.01
450 1045 0.01
450 2048 0.01
450 3892 0.01
450 3946 0.01
451 1964 0.01
451 4004 0.01
451 5462 0.01
451 5995 0.01
452 1080 0.01
452 2937 0.01
452 3071 0.01
452 5929 0.01
453 2869 0.01
453 3598 0.01
453 4109 0.01
453 5734 0.01
454 658 0.01
454 1710 0.01
454 2860 0.01
455 622 0.01
455 2615 0.01
455 4879 0.01
456 1934 0.01
456 2432 0.01
457 691 0.01
457 976 0.01
457 1474 0.01
457 1573 0.01
457 3364 0.01
457 3692 0.01
457 4030 0.01
457 4876 0.01
458 2452 0.01
459 1065 0.01
459 1741 0.01
459 2176 0.01
459 2429 0.01
459 3578 0.01
459 4626 0.01
459 5401 0.01
459 5795 0.01
460 1930 0.01
460 2143 0.01
460 2172 0.01
460 2629 0.01
460 3916 0.01
460 4784 0.01
460 5104 0.01
460 5461 0.01
461 2144 0.01
461 4517 0.01
462 2278 0.01
462 5371 0.01
462 5670 0.01
463 597 0.01
463 1858 0.01
463 2270 0.01
463 4148 0.01
463 4188 0.01
464 4733 0.01
465 1028 0.01
465 2197 0.01
465 3788 0.01
465 4041 0.01
465 5768 0.01
466 485 0.01
466 1090 0.01
466 2179 0.01
466 3436 0.01
466 4220 0.01
466 4365 0.01
466 4539 0.01
466 5990 0.01
467 724 0.01
467 1091 0.01
467 1312 0.01
467 1407 0.01
467 1936 0.01
467 2259 0.01
467 2350 0.01
467 5236 0.01
467 5724 0.01
468 2918 0.01
468 5049 0.01
468 5619 0.01
469 747 0.01
469 1190 0.01
469 5495 0.01
469 5749 0.01
470 1129 0.01
470 1512 0.01
470 3336 0.01
470 3601 0.01
470 3773 0.01
470 5824 0.01
471 3518 0.01
471 3848 0.01
471 4732 0.01
472 1263 0.01
472 1409 0.01
472 2347 0.01
472 2628 0.01
472 3810 0.01
472 5018 0.01
472 5698 0.01
472 5776 0.01
472 5964 0.01
473 2331 0.01
473 2383 0.01
473 2958 0.01
473 5249 0.01
473 5271 0.01
473 5380 0.01
473 5716 0.01
474 1104 0.01
474 1404 0.01
474 1944 0.01
474 2077 0.01
474 5108 0.01
475 1030 0.01
475 2885 0.01
475 3491 0.01
475 4472 0.01
475 4525 0.01
476 1302 0.01
476 1841 0.01
477 496 0.01
477 1897 0.01
477 4540 0.01
478 2168 0.01
478 2337 0.01
478 2668 0.01
478 3286 0.01
478 3818 0.01
479 1858 0.01
479 2285 0.01
479 3197 0.01
479 5041 0.01
479 5105 0.01
479 5417 0.01
479 5444 0.01
480 1425 0.01
480 1479 0.01
480 2182 0.01
481 3021 0.01
481 5313 0.01
482 491 0.01
482 5474 0.01
483 1228 0.01
483 1433 0.01
483 3675 0.01
483 3806 0.01
483 4052 0.01
483 4693 0.01
484 1112 0.01
484 2094 0.01
484 3741 0.01
484 5321 0.01
485 875 0.01
485 3194 0.01
485 4121 0.01
485 4300 0.01
486 1949 0.01
486 3164 0.01
486 3914 0.01
486 4152 0.01
486 4998 0.01
487 1149 0.01
487 1282 0.01
487 2866 0.01
488 671 0.01
488 1270 0.01
488 1623 0.01
488 3320 0.01
489 4426 0.01
490 552 0.01
490 1134 0.01
490 1315 0.01
490 4045 0.01
490 4134 0.01
491 521 0.01
491 1368 0.01
491 2444 0.01
491 2475 0.01
491 2963 0.01
491 3109 0.01
491 4582 0.01
492 1067 0.01
492 1758 0.01
492 2212 0.01
492 4922 0.01
492 4960 0.01
493 649 0.01
493 1996 0.01
493 2350 0.01
493 2484 0.01
493 2686 0.01
493 4566 0.01
493 4911 0.01
494 1548 0.01
494 2517 0.01
494 3458 0.01
494 4812 0.01
494 4959 0.01
495 2384 0.01
495 3448 0.01
495 3853 0.01
496 649 0.01
496 3549 0.01
496 5244 0.01
496 5830 0.01
497 2541 0.01
497 3648 0.01
497 3704 0.01
498 2098 0.01
498 2401 0.01
498 2980 0.01
499 1795 0.01
499 5754 0.01
500 1842 0.01
500 2012 0.01
500 2058 0.01
500 4665 0.01
500 4925 0.01
501 1663 0.01
501 2046 0.01
501 4570 0.01
502 2077 0.01
502 5555 0.01
503 1277 0.01
503 3512 0.01
503 5926 0.01
504 684 0.01
504 1040 0.01
505 2118 0.01
505 2595 0.01
505 3736 0.01
505 5523 0.01
505 5568 0.01
506 623 0.01
506 2192 0.01
506 3141 0.01
506 5294 0.01
507 1213 0.01
507 5280 0.01
507 5439 0.01
508 2328 0.01
508 3126 0.01
508 4346 0.01
508 5704 0.01
508 5849 0.01
508 5901 0.01
509 591 0.01
509 1552 0.01
509 4617 0.01
510 1572 0.01
510 2472 0.01
510 2698 0.01
510 4392 0.01
510 4409 0.01
510 4625 0.01
510 4772 0.01
510 4889 0.01
510 5009 0.01
510 5960 0.01
511 777 0.01
511 1680 0.01
511 1695 0.01
511 2203 0.01
511 2848 0.01
512 4063 0.01
513 735 0.01
513 1284 0.01
513 3563 0.01
513 4829 0.01
514 1520 0.01
515 681 0.01
515 812 0.01
515 1593 0.01
515 1979 0.01
515 4866 0.01
516 780 0.01
516 1219 0.01
516 1456 0.01
516 4780 0.01
516 5939 0.01
517 898 0.01
517 1665 0.01
517 1933 0.01
517 2533 0.01
517 4009 0.01
518 2303 0.01
518 5169 0.01
519 3331 0.01
520 4674 0.01
520 5334 0.01
521 3053 0.01
521 4456 0.01
522 1566 0.01
522 1615 0.01
522 1745 0.01
522 1953 0.01
523 1337 0.01
523 1778 0.01
523 4313 0.01
523 5041 0.01
523 5931 0.01
524 2880 0.01
524 3275 0.01
524 4431 0.01
525 3532 0.01
525 3862 0.01
525 5050 0.01
525 5368 0.01
525 5899 0.01
526 1279 0.01
526 1394 0.01
526 3045 0.01
526 3313 0.01
526 4004 0.01
526 5782 0.01
527 1074 0.01
527 1723 0.01
527 1950 0.01
527 3674 0.01
527 5601 0.01
528 2386 0.01
528 3111 0.01
528 3835 0.01
528 4228 0.01
528 5171 0.01
528 5388 0.01
529 556 0.01
529 2220 0.01
529 4150 0.01
529 4871 0.01
529 5291 0.01
529 5510 0.01
529 5563 0.01
530 788 0.01
530 1257 0.01
530 4337 0.01
530 5352 0.01
531 1438 0.01
531 3204 0.01
531 5880 0.01
532 2659 0.01
532 2974 0.01
532 4578 0.01
533 1148 0.01
533 4391 0.01
534 1726 0.01
534 2123 0.01
535 1454 0.01
535 2835 0.01
535 5626 0.01
536 907 0.01
536 1463 0.01
536 2764 0.01
536 4573 0.01
536 5778 0.01
537 966 0.01
537 996 0.01
537 1329 0.01
537 2276 0.01
537 2617 0.01
537 2884 0.01
537 5430 0.01
538 1128 0.01
538 1722 0.01
538 2481 0.01
538 4623 0.01
538 5032 0.01
538 5183 0.01
539 3171 0.01
539 4467 0.01
539 5693 0.01
540 738 0.01
540 1058 0.01
540 1599 0.01
540 1817 0.01
540 5942 0.01
541 1544 0.01
541 2277 0.01
542 1451 0.01
542 3050 0.01
542 3069 0.01
542 3195 0.01
542 4146 0.01
542 4356 0.01
542 4921 0.01
542 5042 0.01
542 5079 0.01
543 2746 0.01
543 5177 0.01
544 783 0.01
544 1637 0.01
544 4958 0.01
544 5355 0.01
545 1324 0.01
545 2156 0.01
545 2296 0.01
545 4897 0.01
545 5858 0.01
546 694 0.01
546 2730 0.01
546 3846 0.01
547 2592 0.01
547 2922 0.01
547 4978 0.01
548 1018 0.01
548 2273 0.01
548 3929 0.01
549 2406 0.01
549 3508 0.01
549 4167 0.01
550 3026 0.01
550 3103 0.01
550 3175 0.01
550 5618 0.01
551 1322 0.01
551 2341 0.01
551 2625 0.01
551 3707 0.01
552 3540 0.01
552 4579 0.01
552 5957 0.01
553 3408 0.01
554 751 0.01
554 1855 0.01
554 3162 0.01
554 3500 0.01
554 4804 0.01
555 979 0.01
555 4093 0.01
557 1343 0.01
557 3577 0.01
557 3906 0.01
557 4807 0.01
558 1631 0.01
558 2028 0.01
558 4201 0.01
559 1269 0.01
559 1351 0.01
559 4059 0.01
560 727 0.01
560 5794 0.01
561 3205 0.01
561 4942 0.01
562 870 0.01
562 4438 0.01
563 3350 0.01
563 3368 0.01
563 4207 0.01
564 1176 0.01
564 2985 0.01
565 1426 0.01
565 2327 0.01
565 3604 0.01
566 2044 0.01
567 4242 0.01
568 1068 0.01
568 1244 0.01
568 3277 0.01
568 4488 0.01
568 5320 0.01
569 3439 0.01
569 3984 0.01
570 1322 0.01
570 1719 0.01
570 2120 0.01
570 4441 0.01
571 718 0.01
571 1570 0.01
571 1591 0.01
571 2705 0.01
571 3875 0.01
571 5197 0.01
572 686 0.01
572 1061 0.01
572 1491 0.01
572 2111 0.01
572 2380 0.01
572 3129 0.01
572 4493 0.01
572 4865 0.01
572 5005 0.01
572 5511 0.01
573 1785 0.01
573 4621 0.01
573 5708 0.01
574 1060 0.01
574 5486 0.01
575 2703 0.01
575 3625 0.01
575 4880 0.01
576 950 0.01
576 1709 0.01
576 5822 0.01
577 1596 0.01
577 3702 0.01
577 3972 0.01
577 4240 0.01
577 5743 0.01
577 5821 0.01
578 1450 0.01
578 1740 0.01
578 3642 0.01
578 4316 0.01
579 1824 0.01
579 3020 0.01
579 4242 0.01
579 4293 0.01
579 4653 0.01
580 1701 0.01
580 2107 0.01
581 670 0.01
581 680 0.01
581 2377 0.01
581 3090 0.01
582 1368 0.01
582 1420 0.01
582 1922 0.01
582 3059 0.01
582 4726 0.01
582 4790 0.01
582 5857 0.01
583 1418 0.01
583 2535 0.01
583 2997 0.01
583 5237 0.01
584 1111 0.01
584 5087 0.01
584 5477 0.01
584 5774 0.01
584 5791 0.01
585 1180 0.01
585 2720 0.01
585 2741 0.01
585 5348 0.01
586 3059 0.01
586 3074 0.01
586 3519 0.01
586 4434 0.01
587 1242 0.01
587 2103 0.01
587 4717 0.01
587 5866 0.01
588 2811 0.01
588 3880 0.01
588 5047 0.01
589 1069 0.01
589 2526 0.01
589 2694 0.01
589 3087 0.01
589 5609 0.01
590 693 0.01
590 1213 0.01
590 1353 0.01
590 1447 0.01
590 1791 0.01
590 3366 0.01
590 3655 0.01
590 4394 0.01
591 1250 0.01
591 2776 0.01
592 1072 0.01
592 1988 0.01
592 2936 0.01
592 3792 0.01
592 4613 0.01
592 4628 0.01
592 5073 0.01
593 893 0.01
593 1622 0.01
593 5530 0.01
594 853 0.01
594 947 0.01
594 1101 0.01
594 2050 0.01
594 3184 0.01
594 3759 0.01
594 4286 0.01
594 4834 0.01
594 5678 0.01
595 4250 0.01
595 5145 0.01
596 5641 0.01
596 5848 0.01
597 1800 0.01
598 2650 0.01
598 5163 0.01
598 5204 0.01
598 5592 0.01
599 732 0.01
599 979 0.01
599 2141 0.01
600 663 0.01
600 1335 0.01
600 3394 0.01
601 4252 0.01
601 5963 0.01
602 1213 0.01
602 2554 0.01
602 4419 0.01
602 5144 0.01
603 3100 0.01
603 3246 0.01
604 1208 0.01
604 1842 0.01
604 3852 0.01
605 1876 0.01
605 3234 0.01
605 3609 0.01
605 4245 0.01
605 4469 0.01
605 4650 0.01
605 5097 0.01
606 890 0.01
606 3152 0.01
606 3872 0.01
606 4521 0.01
607 1855 0.01
607 4362 0.01
607 4786 0.01
607 5397 0.01
608 2527 0.01
608 3775 0.01
609 621 0.01
609 940 0.01
609 2970 0.01
609 3726 0.01
609 4643 0.01
610 2997 0.01
610 3656 0.01
610 5228 0.01
610 5393 0.01
611 2391 0.01
611 3169 0.01
611 3465 0.01
611 5142 0.01
611 5719 0.01
612 1755 0.01
612 2235 0.01
612 2774 0.01
612 3508 0.01
612 5054 0.01
613 906 0.01
613 1587 0.01
613 2284 0.01
614 2134 0.01
614 2410 0.01
615 1508 0.01
616 916 0.01
616 1629 0.01
617 1662 0.01
617 2606 0.01
618 1881 0.01
618 2186 0.01
618 2223 0.01
618 2412 0.01
618 2507 0.01
618 2862 0.01
618 2902 0.01
618 3376 0.01
619 941 0.01
619 1140 0.01
619 4496 0.01
619 4770 0.01
620 2244 0.01
620 3298 0.01
620 3739 0.01
620 5137 0.01
621 1759 0.01
621 4652 0.01
622 4122 0.01
623 5375 0.01
624 5471 0.01
625 866 0.01
625 1725 0.01
625 2897 0.01
625 2960 0.01
625 5313 0.01
626 1131 0.01
626 1503 0.01
626 1576 0.01
626 3587 0.01
626 4854 0.01
626 5811 0.01
627 863 0.01
627 1469 0.01
627 5906 0.01
628 670 0.01
628 2057 0.01
628 3708 0.01
628 4275 0.01
628 5132 0.01
628 5805 0.01
629 764 0.01
629 1431 0.01
629 1493 0.01
629 2842 0.01
630 2564 0.01
630 4290 0.01
630 5065 0.01
630 5468 0.01
630 5496 0.01
631 1895 0.01
631 3588 0.01
631 4087 0.01
631 5518 0.01
632 2433 0.01
632 2786 0.01
632 3515 0.01
633 3358 0.01
633 5958 0.01
634 701 0.01
634 2957 0.01
634 3882 0.01
634 5085 0.01
634 5498 0.01
635 943 0.01
635 3762 0.01
636 1136 0.01
636 1564 0.01
636 2572 0.01
636 3812 0.01
636 5067 0.01
636 5565 0.01
638 2126 0.01
638 2935 0.01
638 3134 0.01
638 4568 0.01
639 3206 0.01
639 3627 0.01
639 5947 0.01
640 783 0.01
640 3245 0.01
640 5487 0.01
640 5946 0.01
641 3878 0.01
641 4975 0.01
642 2392 0.01
642 3478 0.01
642 3754 0.01
643 1326 0.01
643 1523 0.01
643 3091 0.01
643 3132 0.01
643 5402 0.01
643 5407 0.01
643 5595 0.01
644 1210 0.01
644 1576 0.01
645 857 0.01
646 2403 0.01
646 3171 0.01
646 3652 0.01
646 5241 0.01
647 921 0.01
647 1239 0.01
647 2092 0.01
647 4895 0.01
648 4599 0.01
648 5728 0.01
649 2379 0.01
649 4981 0.01
651 2685 0.01
651 5006 0.01
651 5016 0.01
651 5669 0.01
652 5154 0.01
652 5647 0.01
654 3555 0.01
654 4106 0.01
655 2117 0.01
655 5013 0.01
655 5031 0.01
656 4914 0.01
657 3329 0.01
657 3398 0.01
657 3485 0.01
658 799 0.01
658 2687 0.01
659 837 0.01
659 3441 0.01
660 2167 0.01
660 3771 0.01
660 5479 0.01
661 1617 0.01
661 2216 0.01
661 3082 0.01
662 1735 0.01
662 2230 0.01
662 2558 0.01
662 4157 0.01
662 5712 0.01
663 2775 0.01
663 3116 0.01
663 3618 0.01
664 1750 0.01
664 2395 0.01
664 5608 0.01
665 1530 0.01
665 1952 0.01
665 2326 0.01
665 2904 0.01
666 5412 0.01
668 1252 0.01
668 1586 0.01
668 2930 0.01
668 3266 0.01
668 3414 0.01
668 3722 0.01
669 1421 0.01
669 1984 0.01
669 2269 0.01
669 5307 0.01
670 1001 0.01
670 1259 0.01
670 2983 0.01
670 3526 0.01
670 5478 0.01
670 5651 0.01
672 3826 0.01
673 704 0.01
673 1501 0.01
673 2033 0.01
674 1305 0.01
674 3093 0.01
674 3682 0.01
674 5208 0.01
675 820 0.01
675 3813 0.01
675 4246 0.01
676 1048 0.01
676 1616 0.01
676 3068 0.01
677 1287 0.01
677 1408 0.01
677 5456 0.01
677 5657 0.01
678 2082 0.01
678 2182 0.01
678 3341 0.01
678 4022 0.01
678 4078 0.01
679 1197 0.01
679 2180 0.01
680 790 0.01
680 903 0.01
680 4338 0.01
680 4977 0.01
681 2087 0.01
682 1087 0.01
682 1214 0.01
682 2860 0.01
683 1954 0.01
683 3292 0.01
684 750 0.01
684 1062 0.01
684 2007 0.01
684 2666 0.01
685 1958 0.01
685 3008 0.01
685 3962 0.01
686 1200 0.01
687 1247 0.01
688 1389 0.01
688 3629 0.01
688 3861 0.01
689 915 0.01
689 2382 0.01
690 1756 0.01
690 2177 0.01
690 2474 0.01
690 5381 0.01
690 5718 0.01
691 1516 0.01
691 1884 0.01
691 2356 0.01
691 4953 0.01
692 888 0.01
692 2252 0.01
692 5648 0.01
693 4091 0.01
693 4737 0.01
694 2813 0.01
694 4586 0.01
694 4905 0.01
695 1382 0.01
695 3326 0.01
695 4482 0.01
695 5557 0.01
696 1043 0.01
696 2436 0.01
696 3504 0.01
696 5540 0.01
697 3415 0.01
697 5139 0.01
698 2680 0.01
698 3301 0.01
698 3380 0.01
698 5495 0.01
699 4695 0.01
699 5707 0.01
700 854 0.01
700 1419 0.01
700 2590 0.01
700 4704 0.01
700 4910 0.01
701 1144 0.01
701 2148 0.01
701 2237 0.01
701 4664 0.01
701 5885 0.01
702 973 0.01
702 1775 0.01
702 1839 0.01
702 2784 0.01
702 3970 0.01
702 4515 0.01
703 3964 0.01
703 4051 0.01
703 4154 0.01
704 2461 0.01
704 2505 0.01
705 3929 0.01
705 3971 0.01
705 3993 0.01
705 4787 0.01
705 5814 0.01
706 1995 0.01
706 2749 0.01
706 5200 0.01
706 5816 0.01
707 1729 0.01
707 2270 0.01
707 4900 0.01
707 5266 0.01
708 4006 0.01
708 4519 0.01
709 2529 0.01
709 5230 0.01
710 1039 0.01
710 4233 0.01
711 1644 0.01
712 1456 0.01
713 944 0.01
713 2185 0.01
713 2321 0.01
713 3431 0.01
713 5298 0.01
714 756 0.01
714 1632 0.01
714 3630 0.01
714 4735 0.01
715 2319 0.01
715 3968 0.01
715 5048 0.01
716 859 0.01
716 1576 0.01
718 874 0.01
718 1567 0.01
718 1625 0.01
718 2320 0.01
718 2427 0.01
718 4824 0.01
719 1473 0.01
719 1940 0.01
719 3393 0.01
719 4549 0.01
719 4817 0.01
720 946 0.01
720 2306 0.01
720 3815 0.01
720 4696 0.01
721 1870 0.01
722 996 0.01
722 1636 0.01
722 2968 0.01
722 3594 0.01
722 5541 0.01
723 983 0.01
723 1198 0.01
723 4158 0.01
723 4455 0.01
723 4577 0.01
723 5326 0.01
723 5994 0.01
724 1885 0.01
724 4239 0.01
724 4416 0.01
724 4512 0.01
724 5159 0.01
725 1614 0.01
726 736 0.01
726 1159 0.01
726 5766 0.01
727 1502 0.01
727 2455 0.01
727 4908 0.01
727 5386 0.01
727 5843 0.01
728 770 0.01
728 3449 0.01
728 5436 0.01
729 1042 0.01
730 790 0.01
730 3110 0.01
730 3696 0.01
730 5452 0.01
731 5569 0.01
732 3665 0.01
732 4123 0.01
732 5527 0.01
733 3181 0.01
733 4363 0.01
734 764 0.01
734 1192 0.01
734 2534 0.01
734 3904 0.01
734 4387 0.01
734 5614 0.01
735 1413 0.01
735 1558 0.01
736 1100 0.01
736 2091 0.01
736 2859 0.01
736 3202 0.01
738 3997 0.01
739 2471 0.01
739 4912 0.01
740 2030 0.01
740 3243 0.01
740 4428 0.01
740 4903 0.01
740 5143 0.01
741 2937 0.01
741 4554 0.01
742 1841 0.01
742 4999 0.01
743 1647 0.01
743 2290 0.01
743 2837 0.01
743 4741 0.01
743 5201 0.01
744 1563 0.01
744 3433 0.01
744 5740 0.01
745 1837 0.01
745 4766 0.01
745 5330 0.01
747 891 0.01
748 1768 0.01
748 3537 0.01
748 5679 0.01
749 1209 0.01
750 1142 0.01
751 3221 0.01
751 4341 0.01
752 1128 0.01
752 1492 0.01
752 2929 0.01
752 3421 0.01
753 2465 0.01
753 2607 0.01
753 4025 0.01
754 881 0.01
754 1450 0.01
754 2169 0.01
754 4736 0.01
754 5227 0.01
754 5347 0.01
755 2805 0.01
755 4024 0.01
756 784 0.01
756 3117 0.01
756 3847 0.01
757 1910 0.01
757 2823 0.01
757 2868 0.01
757 2930 0.01
757 5566 0.01
758 1132 0.01
759 955 0.01
760 921 0.01
760 2566 0.01
760 2928 0.01
760 4547 0.01
760 5045 0.01
761 4011 0.01
762 1497 0.01
762 3757 0.01
762 4754 0.01
762 5361 0.01
763 1539 0.01
763 2638 0.01
763 3729 0.01
763 5853 0.01
764 1429 0.01
764 3276 0.01
764 4598 0.01
765 894 0.01
765 3462 0.01
765 5275 0.01
765 5594 0.01
766 923 0.01
766 3864 0.01
766 4238 0.01
767 960 0.01
767 2711 0.01
767 3401 0.01
768 1444 0.01
768 1851 0.01
768 2348 0.01
769 3736 0.01
769 5515 0.01
772 790 0.01
772 3533 0.01
773 4376 0.01
774 3867 0.01
775 1222 0.01
775 2490 0.01
776 963 0.01
776 1373 0.01
776 1927 0.01
776 2967 0.01
776 3487 0.01
776 3861 0.01
777 1424 0.01
777 2062 0.01
778 3888 0.01
778 5059 0.01
778 5433 0.01
778 5863 0.01
779 2016 0.01
779 3293 0.01
779 4478 0.01
780 4295 0.01
780 4429 0.01
781 1489 0.01
781 3300 0.01
782 2636 0.01
782 5714 0.01
784 3740 0.01
784 4039 0.01
784 6000 0.01
785 1145 0.01
786 3390 0.01
787 2159 0.01
787 2298 0.01
787 2874 0.01
787 5071 0.01
788 1821 0.01
788 3643 0.01
788 3842 0.01
789 914 0.01
789 3121 0.01
789 5282 0.01
790 830 0.01
790 1522 0.01
790 4358 0.01
791 2416 0.01
791 3934 0.01
791 4645 0.01
791 5967 0.01
792 851 0.01
792 3406 0.01
792 4175 0.01
792 4864 0.01
793 1107 0.01
793 2171 0.01
793 4095 0.01
793 5180 0.01
794 2376 0.01
794 4565 0.01
795 1194 0.01
795 2176 0.01
795 2357 0.01
795 4699 0.01
795 5834 0.01
796 1560 0.01
796 3794 0.01
797 4077 0.01
797 5529 0.01
797 5826 0.01
798 1354 0.01
798 2264 0.01
798 3756 0.01
798 5110 0.01
799 1121 0.01
799 3456 0.01
800 2943 0.01
800 3006 0.01
800 5971 0.01
801 1814 0.01
801 2665 0.01
801 3945 0.01
802 830 0.01
802 905 0.01
802 1016 0.01
802 4092 0.01
802 5119 0.01
802 5328 0.01
802 5767 0.01
803 1103 0.01
803 2921 0.01
803 3857 0.01
803 4986 0.01
804 1737 0.01
804 2545 0.01
804 3037 0.01
805 4289 0.01
805 4715 0.01
805 5891 0.01
806 3370 0.01
806 3416 0.01
806 4448 0.01
806 4735 0.01
806 4797 0.01
807 2053 0.01
807 3995 0.01
807 4375 0.01
808 2178 0.01
808 2770 0.01
808 3327 0.01
808 3761 0.01
809 4698 0.01
809 5875 0.01
810 1105 0.01
810 1794 0.01
810 2962 0.01
810 3049 0.01
810 5206 0.01
810 5578 0.01
811 860 0.01
811 901 0.01
811 5765 0.01
813 1859 0.01
813 5715 0.01
814 5254 0.01
814 5836 0.01
815 1608 0.01
815 3190 0.01
815 3324 0.01
815 4166 0.01
816 873 0.01
816 3112 0.01
817 2426 0.01
818 2242 0.01
818 3658 0.01
818 3966 0.01
818 4479 0.01
819 2187 0.01
820 5449 0.01
821 2978 0.01
821 5517 0.01
822 1529 0.01
822 5677 0.01
823 969 0.01
823 1457 0.01
824 1626 0.01
824 3657 0.01
824 3698 0.01
825 1840 0.01
825 3338 0.01
826 968 0.01
826 3992 0.01
827 5343 0.01
828 4200 0.01
828 4468 0.01
829 1868 0.01
829 2020 0.01
829 3620 0.01
829 4640 0.01
829 4743 0.01
830 4500 0.01
830 5812 0.01
831 2903 0.01
831 5645 0.01
832 2667 0.01
833 994 0.01
833 5126 0.01
834 1049 0.01
834 1914 0.01
834 2166 0.01
834 2816 0.01
834 3647 0.01
834 4108 0.01
834 5251 0.01
834 5323 0.01
834 5364 0.01
835 1639 0.01
835 2878 0.01
835 3673 0.01
835 4962 0.01
835 5259 0.01
835 5466 0.01
836 1019 0.01
836 3274 0.01
837 1130 0.01
837 1873 0.01
838 1088 0.01
838 1177 0.01
838 2632 0.01
839 2566 0.01
839 3522 0.01
840 2670 0.01
841 4107 0.01
841 4904 0.01
841 5044 0.01
842 878 0.01
842 1281 0.01
842 3387 0.01
843 3030 0.01
843 3953 0.01
844 1007 0.01
844 5688 0.01
846 2036 0.01
846 3727 0.01
847 4378 0.01
848 894 0.01
848 1169 0.01
848 1188 0.01
848 1813 0.01
848 3355 0.01
848 3596 0.01
848 4718 0.01
848 4809 0.01
849 1937 0.01
850 917 0.01
850 5284 0.01
850 5798 0.01
851 1912 0.01
851 2438 0.01
851 2948 0.01
851 3603 0.01
852 1877 0.01
852 1908 0.01
852 2130 0.01
852 4079 0.01
852 5894 0.01
853 1206 0.01
853 2210 0.01
853 3177 0.01
854 1095 0.01
854 5847 0.01
855 1512 0.01
855 2799 0.01
855 4548 0.01
855 5662 0.01
856 885 0.01
856 1562 0.01
856 1790 0.01
856 2195 0.01
857 2616 0.01
859 1815 0.01
861 3032 0.01
861 4170 0.01
863 2802 0.01
863 3954 0.01
863 5998 0.01
864 878 0.01
864 972 0.01
864 2051 0.01
864 2345 0.01
864 3572 0.01
865 1327 0.01
865 1339 0.01
866 2152 0.01
866 4536 0.01
867 2348 0.01
867 2843 0.01
868 2401 0.01
868 2701 0.01
868 3579 0.01
868 4372 0.01
868 5155 0.01
868 5423 0.01
869 3475 0.01
869 3725 0.01
870 2281 0.01
870 2810 0.01
870 5730 0.01
871 1992 0.01
871 4131 0.01
872 3245 0.01
873 1985 0.01
873 3303 0.01
873 3597 0.01
873 4208 0.01
874 2644 0.01
875 897 0.01
875 2363 0.01
875 2827 0.01
875 4020 0.01
877 1538 0.01
877 1639 0.01
877 2515 0.01
878 3925 0.01
878 4279 0.01
878 4845 0.01
879 1220 0.01
879 1725 0.01
879 3158 0.01
879 4516 0.01
880 2433 0.01
880 2635 0.01
880 2643 0.01
880 3714 0.01
880 4980 0.01
882 2795 0.01
882 4005 0.01
882 4624 0.01
883 2372 0.01
883 2749 0.01
883 3360 0.01
883 5021 0.01
883 5722 0.01
884 1621 0.01
884 3281 0.01
884 4048 0.01
884 5058 0.01
885 2941 0.01
885 4747 0.01
886 1543 0.01
886 1613 0.01
886 4155 0.01
887 2047 0.01
887 2867 0.01
888 5316 0.01
889 1652 0.01
889 2759 0.01
889 3974 0.01
889 4074 0.01
889 4524 0.01
889 5000 0.01
890 1348 0.01
890 2500 0.01
890 3548 0.01
891 927 0.01
891 1102 0.01
892 1505 0.01
892 3133 0.01
892 3139 0.01
892 4862 0.01
892 4994 0.01
892 5164 0.01
892 5983 0.01
893 1808 0.01
894 1935 0.01
894 4821 0.01
895 2400 0.01
895 2785 0.01
896 1237 0.01
896 5098 0.01
897 1096 0.01
897 3915 0.01
897 4686 0.01
897 5600 0.01
897 5915 0.01
898 2797 0.01
898 3678 0.01
898 4266 0.01
899 994 0.01
899 3307 0.01
899 4435 0.01
900 1472 0.01
900 2367 0.01
900 2575 0.01
900 4493 0.01
901 1980 0.01
901 2157 0.01
901 3575 0.01
902 1143 0.01
903 5851 0.01
904 2883 0.01
904 3223 0.01
904 5764 0.01
905 2845 0.01
907 1258 0.01
907 1657 0.01
907 2046 0.01
907 4769 0.01
908 1243 0.01
908 2023 0.01
908 4373 0.01
909 1519 0.01
909 2207 0.01
909 2767 0.01
909 2833 0.01
909 3000 0.01
909 4326 0.01
909 5888 0.01
910 2735 0.01
910 4615 0.01
910 4789 0.01
912 1609 0.01
912 4246 0.01
912 5408 0.01
912 5829 0.01
913 3628 0.01
913 4379 0.01
914 4215 0.01
914 4288 0.01
915 1387 0.01
915 5170 0.01
916 5346 0.01
917 965 0.01
918 1191 0.01
918 2366 0.01
918 3477 0.01
919 1076 0.01
919 2970 0.01
920 1247 0.01
920 3123 0.01
923 2479 0.01
923 5666 0.01
924 1474 0.01
924 1704 0.01
924 5548 0.01
925 2750 0.01
925 4468 0.01
925 5229 0.01
925 5811 0.01
926 2549 0.01
926 3710 0.01
927 4140 0.01
927 4926 0.01
928 1627 0.01
929 1852 0.01
929 3457 0.01
929 5476 0.01
930 4389 0.01
931 2818 0.01
931 4237 0.01
932 2065 0.01
932 4454 0.01
933 2537 0.01
933 3553 0.01
934 3703 0.01
934 3929 0.01
935 3252 0.01
935 3726 0.01
936 1492 0.01
936 2097 0.01
937 1423 0.01
937 2062 0.01
937 2914 0.01
938 977 0.01
938 4137 0.01
938 4360 0.01
938 4542 0.01
938 5668 0.01
939 1801 0.01
939 3182 0.01
939 4094 0.01
940 5315 0.01
941 991 0.01
941 2163 0.01
941 3496 0.01
941 4535 0.01
941 4887 0.01
942 2624 0.01
942 5928 0.01
943 1343 0.01
943 1671 0.01
943 3199 0.01
943 3382 0.01
943 4927 0.01
944 2598 0.01
945 1062 0.01
945 1236 0.01
945 3272 0.01
945 3999 0.01
946 1738 0.01
948 1245 0.01
949 4711 0.01
949 5238 0.01
950 4708 0.01
951 1712 0.01
951 3429 0.01
951 3681 0.01
951 4326 0.01
952 2308 0.01
952 3178 0.01
952 3245 0.01
952 3677 0.01
952 5336 0.01
954 1767 0.01
954 2140 0.01
954 2807 0.01
954 4707 0.01
955 1150 0.01
956 2399 0.01
957 1409 0.01
958 1236 0.01
958 1363 0.01
958 1584 0.01
958 2181 0.01
958 2390 0.01
958 4795 0.01
959 1708 0.01
959 3656 0.01
960 2600 0.01
960 4383 0.01
961 1857 0.01
961 2453 0.01
962 3827 0.01
962 3990 0.01
962 4350 0.01
962 4991 0.01
962 5173 0.01
963 5268 0.01
965 1342 0.01
965 1983 0.01
965 5232 0.01
966 3868 0.01
966 4192 0.01
966 4489 0.01
966 5222 0.01
967 3283 0.01
968 4495 0.01
968 4823 0.01
970 1998 0.01
970 3263 0.01
971 1491 0.01
973 2113 0.01
973 4209 0.01
974 1310 0.01
974 3661 0.01
974 3711 0.01
975 3281 0.01
976 2915 0.01
976 3166 0.01
977 3689 0.01
977 3828 0.01
978 2184 0.01
978 2983 0.01
978 5855 0.01
979 2991 0.01
979 4661 0.01
980 2149 0.01
980 2586 0.01
980 3745 0.01
980 5746 0.01
980 5810 0.01
981 1803 0.01
981 4447 0.01
981 4822 0.01
982 1442 0.01
982 3843 0.01
982 4277 0.01
983 3825 0.01
984 1527 0.01
984 2685 0.01
984 3464 0.01
984 3637 0.01
984 5076 0.01
984 5150 0.01
985 1165 0.01
985 1241 0.01
985 1683 0.01
985 3255 0.01
985 5212 0.01
986 2172 0.01
986 5514 0.01
987 2521 0.01
987 2738 0.01
988 1780 0.01
988 2908 0.01
988 4133 0.01
988 4217 0.01
989 1820 0.01
990 1813 0.01
990 2773 0.01
991 1110 0.01
991 1776 0.01
991 5564 0.01
992 1497 0.01
992 1792 0.01
992 2512 0.01
992 5886 0.01
993 1833 0.01
993 2872 0.01
993 2975 0.01
994 4663 0.01
995 1573 0.01
996 4619 0.01
996 5560 0.01
997 2009 0.01
998 1452 0.01
998 1979 0.01
998 5951 0.01
999 1605 0.01
999 1866 0.01
999 2894 0.01
999 4384 0.01
999 5866 0.01
1000 2792 0.01
1001 1713 0.01
1001 2351 0.01
1002 1681 0.01
1003 5252 0.01
1005 2113 0.01
1006 1963 0.01
1006 2220 0.01
1007 1471 0.01
1008 1075 0.01
1008 1357 0.01
1008 2112 0.01
1008 2743 0.01
1008 2861 0.01
1008 3003 0.01
1009 2251 0.01
1009 3289 0.01
1010 2627 0.01
1011 1504 0.01
1012 2285 0.01
1012 2421 0.01
1012 4571 0.01
1013 1084 0.01
1013 3445 0.01
1013 4529 0.01
1013 4661 0.01
1014 1521 0.01
1015 2417 0.01
1018 2191 0.01
1018 2385 0.01
1018 4856 0.01
1018 5602 0.01
1019 1574 0.01
1019 2559 0.01
1020 1206 0.01
1021 1187 0.01
1021 5078 0.01
1022 1835 0.01
1022 2548 0.01
1022 4425 0.01
1023 1848 0.01
1023 2748 0.01
1023 3585 0.01
1024 1498 0.01
1024 1642 0.01
1024 1685 0.01
1024 2122 0.01
1024 3306 0.01
1024 3378 0.01
1024 3753 0.01
1024 4641 0.01
1025 3428 0.01
1025 5146 0.01
1026 2912 0.01
1027 1653 0.01
1027 2990 0.01
1027 3435 0.01
1027 4385 0.01
1027 5034 0.01
1028 3959 0.01
1029 1945 0.01
1029 3905 0.01
1030 1656 0.01
1030 1891 0.01
1030 4211 0.01
1032 1278 0.01
1032 1373 0.01
1032 2318 0.01
1032 3167 0.01
1032 4202 0.01
1032 4280 0.01
1032 4430 0.01
1032 5763 0.01
1034 1873 0.01
1034 3260 0.01
1035 1455 0.01
1035 1715 0.01
1035 5438 0.01
1036 1303 0.01
1036 1628 0.01
1036 3236 0.01
1038 2626 0.01
1038 3683 0.01
1038 5748 0.01
1039 4796 0.01
1040 5231 0.01
1040 5475 0.01
1041 1499 0.01
1041 5070 0.01
1042 3207 0.01
1042 4532 0.01
1044 2826 0.01
1044 3235 0.01
1044 4327 0.01
1044 4868 0.01
1045 5673 0.01
1046 1531 0.01
1046 5862 0.01
1047 1160 0.01
1047 3591 0.01
1048 1070 0.01
1048 3288 0.01
1049 1234 0.01
1049 1367 0.01
1049 2854 0.01
1049 5260 0.01
1050 5012 0.01
1052 1139 0.01
1052 1556 0.01
1053 1806 0.01
1053 4967 0.01
1053 5546 0.01
1053 5884 0.01
1054 3728 0.01
1054 3835 0.01
1055 1249 0.01
1055 3210 0.01
1056 1344 0.01
1056 5294 0.01
1057 1634 0.01
1057 4177 0.01
1057 5605 0.01
1057 5846 0.01
1058 1388 0.01
1059 1554 0.01
1059 3371 0.01
1059 5522 0.01
1061 5101 0.01
1062 3518 0.01
1063 1118 0.01
1063 1522 0.01
1063 4892 0.01
1064 2772 0.01
1064 3114 0.01
1064 3678 0.01
1064 5793 0.01
1065 2405 0.01
1065 4243 0.01
1066 3284 0.01
1066 5798 0.01
1068 4528 0.01
1068 4581 0.01
1071 1540 0.01
1071 2648 0.01
1071 2916 0.01
1072 1526 0.01
1073 3891 0.01
1073 5944 0.01
1073 5978 0.01
1074 3015 0.01
1074 5781 0.01
1074 5908 0.01
1075 3645 0.01
1076 1874 0.01
1077 2027 0.01
1077 3032 0.01
1078 3029 0.01
1078 3776 0.01
1078 4163 0.01
1078 4537 0.01
1078 5344 0.01
1079 1208 0.01
1079 3546 0.01
1079 3551 0.01
1079 3636 0.01
1079 5737 0.01
1080 1515 0.01
1081 2129 0.01
1082 4381 0.01
1082 4968 0.01
1083 2504 0.01
1083 4867 0.01
1084 4678 0.01
1085 1916 0.01
1085 2153 0.01
1085 2420 0.01
1085 3372 0.01
1085 3685 0.01
1085 3778 0.01
1085 4853 0.01
1085 5580 0.01
1086 1741 0.01
1086 1772 0.01
1086 2850 0.01
1087 1304 0.01
1087 2971 0.01
1088 1494 0.01
1089 1476 0.01
1090 1901 0.01
1090 1921 0.01
1090 2747 0.01
1091 1378 0.01
1092 1877 0.01
1093 1371 0.01
1093 2248 0.01
1094 1412 0.01
1094 1816 0.01
1094 4161 0.01
1095 3699 0.01
1096 1462 0.01
1096 3524 0.01
1096 3980 0.01
1096 5954 0.01
1097 1674 0.01
1098 1503 0.01
1098 2234 0.01
1098 4584 0.01
1098 5345 0.01
1099 1378 0.01
1099 2690 0.01
1100 1624 0.01
1101 1830 0.01
1101 3278 0.01
1102 1542 0.01
1103 1769 0.01
1104 4677 0.01
1104 5392 0.01
1104 5544 0.01
1105 5739 0.01
1106 1142 0.01
1108 2140 0.01
1108 2393 0.01
1108 5187 0.01
1109 2157 0.01
1109 2267 0.01
1109 4477 0.01
1110 2561 0.01
1110 2906 0.01
1110 3343 0.01
1110 3538 0.01
1110 4827 0.01
1110 4974 0.01
1111 1117 0.01
1111 1226 0.01
1111 3200 0.01
1111 5508 0.01
1111 5911 0.01
1111 5977 0.01
1112 2402 0.01
1113 2179 0.01
1113 5562 0.01
1114 3159 0.01
1114 4221 0.01
1115 3787 0.01
1115 3821 0.01
1117 3154 0.01
1118 3144 0.01
1118 5141 0.01
1119 3538 0.01
1121 2101 0.01
1121 3632 0.01
1122 4207 0.01
1122 4836 0.01
1123 1127 0.01
1124 2025 0.01
1124 4247 0.01
1125 1242 0.01
1125 3219 0.01
1125 3800 0.01
1126 1889 0.01
1126 2361 0.01
1127 1828 0.01
1127 4773 0.01
1127 5721 0.01
1128 1974 0.01
1128 2292 0.01
1128 5373 0.01
1129 3715 0.01
1129 4162 0.01
1130 1481 0.01
1130 5759 0.01
1132 1807 0.01
1132 1916 0.01
1132 2678 0.01
1132 3427 0.01
1132 3623 0.01
1132 3938 0.01
1132 5491 0.01
1133 3743 0.01
1133 5418 0.01
1134 5102 0.01
1135 1352 0.01
1135 2457 0.01
1135 3413 0.01
1135 3859 0.01
1137 1417 0.01
1137 4111 0.01
1138 1610 0.01
1139 1366 0.01
1139 4251 0.01
1140 2175 0.01
1140 4721 0.01
1141 3490 0.01
1142 1595 0.01
1142 1882 0.01
1142 2349 0.01
1143 3083 0.01
1145 1193 0.01
1145 1537 0.01
1145 4171 0.01
1147 3650 0.01
1147 5701 0.01
1148 4066 0.01
1149 4839 0.01
1151 1774 0.01
1151 5176 0.01
1152 1658 0.01
1152 2198 0.01
1153 1214 0.01
1153 2984 0.01
1153 3804 0.01
1153 4832 0.01
1154 4165 0.01
1156 1173 0.01
1156 1185 0.01
1156 1699 0.01
1157 3257 0.01
1158 1549 0.01
1158 2353 0.01
1158 3155 0.01
1159 1199 0.01
1159 4485 0.01
1160 1999 0.01
1162 2852 0.01
1163 3071 0.01
1164 1380 0.01
1164 1746 0.01
1164 1894 0.01
1164 5935 0.01
1165 2346 0.01
1165 2782 0.01
1166 2714 0.01
1167 1861 0.01
1167 1979 0.01
1167 4719 0.01
1168 2859 0.01
1168 3302 0.01
1168 5690 0.01
1169 2066 0.01
1170 3762 0.01
1171 1467 0.01
1171 2752 0.01
1171 4299 0.01
1171 5611 0.01
1172 3107 0.01
1172 4437 0.01
1174 2115 0.01
1174 3528 0.01
1174 4576 0.01
1175 1271 0.01
1175 4591 0.01
1176 3373 0.01
1178 3403 0.01
1178 5383 0.01
1180 2261 0.01
1180 2309 0.01
1181 3115 0.01
1182 1382 0.01
1184 1631 0.01
1184 3163 0.01
1185 1292 0.01
1187 1753 0.01
1187 4270 0.01
1188 2064 0.01
1189 2112 0.01
1191 2011 0.01
1192 3616 0.01
1192 3670 0.01
1192 5039 0.01
1194 4340 0.01
1195 1318 0.01
1195 1968 0.01
1195 2194 0.01
1195 2972 0.01
1195 4156 0.01
1195 4489 0.01
1198 2543 0.01
1198 3136 0.01
1198 4023 0.01
1198 4670 0.01
1199 3742 0.01
1201 2309 0.01
1201 2640 0.01
1201 2934 0.01
1201 4306 0.01
1202 1387 0.01
1202 5214 0.01
1203 1417 0.01
1203 3314 0.01
1203 5351 0.01
1204 3079 0.01
1204 3599 0.01
1205 1343 0.01
1205 3509 0.01
1205 4343 0.01
1206 1434 0.01
1206 3424 0.01
1206 4374 0.01
1207 1365 0.01
1207 2580 0.01
1207 4957 0.01
1208 3613 0.01
1210 3811 0.01
1210 4036 0.01
1210 5832 0.01
1210 5881 0.01
1212 4254 0.01
1212 4370 0.01
1212 5999 0.01
1213 2236 0.01
1213 3299 0.01
1213 4722 0.01
1215 2086 0.01
1215 4314 0.01
1215 5947 0.01
1216 1814 0.01
1216 2788 0.01
1216 3476 0.01
1217 2226 0.01
1217 3165 0.01
1217 3426 0.01
1218 1299 0.01
1221 4805 0.01
1221 5571 0.01
1222 1265 0.01
1222 5420 0.01
1223 1820 0.01
1223 2793 0.01
1223 2863 0.01
1223 4642 0.01
1223 4881 0.01
1224 2856 0.01
1224 2943 0.01
1226 5587 0.01
1227 2908 0.01
1227 5617 0.01
1229 1807 0.01
1229 4413 0.01
1230 1928 0.01
1230 2101 0.01
1230 3907 0.01
1233 1391 0.01
1233 4951 0.01
1236 4274 0.01
1236 5732 0.01
1238 2697 0.01
1238 3978 0.01
1240 1317 0.01
1245 4278 0.01
1247 2528 0.01
1248 1529 0.01
1248 3081 0.01
1251 1641 0.01
1251 4841 0.01
1251 5800 0.01
1252 1716 0.01
1253 2271 0.01
1254 2831 0.01
1254 2988 0.01
1254 5445 0.01
1254 5968 0.01
1256 5235 0.01
1257 2005 0.01
1258 2712 0.01
1258 3973 0.01
1258 5434 0.01
1259 1509 0.01
1259 5359 0.01
1260 3412 0.01
1261 1595 0.01
1261 3672 0.01
1262 2707 0.01
1262 4614 0.01
1263 2602 0.01
1263 3831 0.01
1263 5878 0.01
1266 2169 0.01
1268 3463 0.01
1271 5705 0.01
1272 2861 0.01
1273 3001 0.01
1273 5738 0.01
1274 1563 0.01
1274 2540 0.01
1274 4196 0.01
1275 2533 0.01
1275 2947 0.01
1275 3639 0.01
1275 4225 0.01
1276 1294 0.01
1276 1575 0.01
1277 3849 0.01
1279 3047 0.01
1280 4615 0.01
1282 5807 0.01
1283 1650 0.01
1283 4499 0.01
1284 2713 0.01
1284 4050 0.01
1284 4756 0.01
1284 4966 0.01
1286 1684 0.01
1287 3584 0.01
1287 4749 0.01
1288 2877 0.01
1288 5889 0.01
1289 4658 0.01
1289 4776 0.01
1290 2513 0.01
1290 5151 0.01
1291 2273 0.01
1291 3470 0.01
1291 3957 0.01
1292 2839 0.01
1292 5869 0.01
1293 2735 0.01
1293 3265 0.01
1294 2909 0.01
1294 3138 0.01
1294 4002 0.01
1294 5182 0.01
1294 5937 0.01
1295 4397 0.01
1295 5558 0.01
1296 1603 0.01
1296 3628 0.01
1298 2725 0.01
1299 5940 0.01
1300 2682 0.01
1300 3614 0.01
1301 2692 0.01
1301 5900 0.01
1302 3226 0.01
1304 5051 0.01
1305 2840 0.01
1305 4633 0.01
1306 1832 0.01
1307 2231 0.01
1307 2796 0.01
1308 1885 0.01
1308 3423 0.01
1309 2042 0.01
1309 2151 0.01
1309 2435 0.01
1309 3495 0.01
1309 4443 0.01
1310 3896 0.01
1310 4683 0.01
1311 3060 0.01
1312 5870 0.01
1313 1396 0.01
1313 5989 0.01
1315 4404 0.01
1316 3024 0.01
1316 3275 0.01
1316 5993 0.01
1317 4714 0.01
1318 1864 0.01
1318 3592 0.01
1318 5253 0.01
1319 3333 0.01
1319 4520 0.01
1320 1699 0.01
1320 4070 0.01
1321 2004 0.01
1321 2071 0.01
1321 3065 0.01
1321 3924 0.01
1322 5415 0.01
1323 1924 0.01
1323 3215 0.01
1323 5842 0.01
1325 2631 0.01
1326 3105 0.01
1326 4944 0.01
1328 1394 0.01
1328 2830 0.01
1329 2317 0.01
1330 1695 0.01
1330 2844 0.01
1330 3146 0.01
1331 2853 0.01
1331 4089 0.01
1332 4026 0.01
1332 5987 0.01
1333 2909 0.01
1334 1458 0.01
1336 1359 0.01
1337 2155 0.01
1337 3295 0.01
1337 4186 0.01
1338 5103 0.01
1340 1561 0.01
1340 1645 0.01
1340 3527 0.01
1340 3600 0.01
1342 3986 0.01
1343 2594 0.01
1344 5572 0.01
1345 1872 0.01
1346 1618 0.01
1346 1925 0.01
1346 2375 0.01
1347 1642 0.01
1348 3268 0.01
1353 4089 0.01
1354 1777 0.01
1354 2905 0.01
1354 5365 0.01
1354 5500 0.01
1355 2926 0.01
1355 3473 0.01
1356 1960 0.01
1356 4846 0.01
1356 4948 0.01
1356 5025 0.01
1357 2043 0.01
1357 4203 0.01
1357 4987 0.01
1358 3039 0.01
1358 4878 0.01
1358 5455 0.01
1361 1477 0.01
1361 4784 0.01
1362 2193 0.01
1363 3189 0.01
1363 3529 0.01
1363 4291 0.01
1364 1920 0.01
1364 2629 0.01
1364 3014 0.01
1366 2250 0.01
1367 5520 0.01
1369 1562 0.01
1369 3051 0.01
1369 4000 0.01
1370 2123 0.01
1371 2751 0.01
1371 5621 0.01
1372 2173 0.01
1372 2456 0.01
1372 2819 0.01
1375 1691 0.01
1375 2964 0.01
1375 4494 0.01
1375 5725 0.01
1375 5996 0.01
1376 3942 0.01
1376 4937 0.01
1378 1887 0.01
1378 3506 0.01
1379 2471 0.01
1379 5856 0.01
1381 1735 0.01
1382 1402 0.01
1382 2354 0.01
1382 5027 0.01
1383 2342 0.01
1383 3981 0.01
1383 5283 0.01
1383 5676 0.01
1388 4012 0.01
1390 5416 0.01
1391 1907 0.01
1391 5893 0.01
1392 1831 0.01
1393 3749 0.01
1393 5685 0.01
1396 1555 0.01
1396 2038 0.01
1398 3908 0.01
1399 3035 0.01
1399 3057 0.01
1399 4433 0.01
1399 4840 0.01
1400 1476 0.01
1400 2039 0.01
1400 2745 0.01
1400 4332 0.01
1400 5962 0.01
1401 4056 0.01
1402 4401 0.01
1407 1793 0.01
1407 2553 0.01
1407 2993 0.01
1408 4618 0.01
1409 2145 0.01
1409 3149 0.01
1409 4606 0.01
1410 1648 0.01
1412 2060 0.01
1414 1816 0.01
1414 2415 0.01
1414 5068 0.01
1415 5279 0.01
1415 5897 0.01
1416 3307 0.01
1419 4368 0.01
1420 4934 0.01
1421 4168 0.01
1423 4311 0.01
1424 2496 0.01
1424 5008 0.01
1425 5637 0.01
1426 3881 0.01
1427 1793 0.01
1428 2182 0.01
1429 5920 0.01
1430 1686 0.01
1430 2070 0.01
1430 3917 0.01
1431 2753 0.01
1432 3774 0.01
1432 3840 0.01
1432 4099 0.01
1432 4955 0.01
1435 1611 0.01
1437 3211 0.01
1437 3541 0.01
1437 5060 0.01
1438 2637 0.01
1438 2891 0.01
1438 3339 0.01
1439 4486 0.01
1439 5671 0.01
1440 3172 0.01
1441 2721 0.01
1441 3348 0.01
1442 3013 0.01
1443 4581 0.01
1445 3958 0.01
1447 2422 0.01
1447 3472 0.01
1447 3687 0.01
1450 2946 0.01
1450 4264 0.01
1450 4268 0.01
1450 5628 0.01
1451 2287 0.01
1451 5265 0.01
1452 3679 0.01
1453 1723 0.01
1453 2026 0.01
1453 3058 0.01
1456 4417 0.01
1457 1812 0.01
1457 5576 0.01
1458 3044 0.01
1458 3232 0.01
1458 5175 0.01
1458 5421 0.01
1458 5640 0.01
1459 2161 0.01
1460 2868 0.01
1460 3530 0.01
1461 5627 0.01
1462 4083 0.01
1462 4256 0.01
1462 4453 0.01
1462 5299 0.01
1464 2309 0.01
1464 2871 0.01
1464 4913 0.01
1465 2530 0.01
1465 3751 0.01
1466 2435 0.01
1466 3237 0.01
1466 4014 0.01
1467 5482 0.01
1468 2565 0.01
1469 2299 0.01
1469 2814 0.01
1469 3521 0.01
1471 2499 0.01
1472 5314 0.01
1473 3362 0.01
1473 4080 0.01
1473 4952 0.01
1473 5311 0.01
1475 1749 0.01
1476 3208 0.01
1477 3104 0.01
1478 2877 0.01
1480 1940 0.01
1480 2263 0.01
1481 5193 0.01
1482 1913 0.01
1483 3228 0.01
1484 3273 0.01
1485 4775 0.01
1486 2167 0.01
1487 3884 0.01
1487 4325 0.01
1488 4021 0.01
1489 2674 0.01
1490 1962 0.01
1490 3663 0.01
1491 4182 0.01
1492 2096 0.01
1494 5533 0.01
1494 5930 0.01
1495 2757 0.01
1495 5472 0.01
1496 2152 0.01
1496 5004 0.01
1498 5089 0.01
1499 2619 0.01
1500 3770 0.01
1501 5189 0.01
1502 1651 0.01
1502 1838 0.01
1502 3443 0.01
1502 3483 0.01
1502 5769 0.01
1504 2010 0.01
1504 2671 0.01
1505 4285 0.01
1505 4307 0.01
1506 2744 0.01
1506 2986 0.01
1506 3854 0.01
1506 4818 0.01
1506 5188 0.01
1507 1853 0.01
1507 4406 0.01
1510 5575 0.01
1511 1528 0.01
1511 2451 0.01
1512 5448 0.01
1514 1594 0.01
1515 3977 0.01
1516 3084 0.01
1516 4189 0.01
1516 4702 0.01
1517 1888 0.01
1517 2012 0.01
1517 2996 0.01
1521 5324 0.01
1522 4935 0.01
1524 3160 0.01
1525 1755 0.01
1525 2822 0.01
1525 5312 0.01
1528 2762 0.01
1529 3033 0.01
1529 3921 0.01
1530 3612 0.01
1531 1906 0.01
1532 4035 0.01
1532 4617 0.01
1533 2134 0.01
1534 1838 0.01
1535 3927 0.01
1536 1651 0.01
1536 2448 0.01
1536 2684 0.01
1536 4601 0.01
1537 4145 0.01
1540 3468 0.01
1543 1711 0.01
1543 4427 0.01
1544 1602 0.01
1545 1567 0.01
1547 1947 0.01
1547 5501 0.01
1548 5250 0.01
1549 3113 0.01
1549 4504 0.01
1550 4106 0.01
1551 5003 0.01
1552 5129 0.01
1553 2491 0.01
1553 5116 0.01
1555 2135 0.01
1555 4870 0.01
1556 5043 0.01
1556 5683 0.01
1557 3469 0.01
1557 4442 0.01
1557 4639 0.01
1559 1843 0.01
1559 2376 0.01
1559 2563 0.01
1560 1747 0.01
1560 5903 0.01
1561 4985 0.01
1563 1670 0.01
1563 5567 0.01
1563 5961 0.01
1564 5630 0.01
1566 2093 0.01
1567 5030 0.01
1568 5074 0.01
1568 5916 0.01
1571 4554 0.01
1572 2073 0.01
1578 5210 0.01
1579 4931 0.01
1580 4936 0.01
1580 5454 0.01
1580 5654 0.01
1583 4505 0.01
1584 4305 0.01
1584 5064 0.01
1585 4007 0.01
1586 5531 0.01
1586 5775 0.01
1587 1844 0.01
1588 2301 0.01
1588 2400 0.01
1588 2729 0.01
1588 2992 0.01
1589 4395 0.01
1590 1722 0.01
1591 2815 0.01
1592 2245 0.01
1592 4197 0.01
1592 5703 0.01
1593 4304 0.01
1594 4627 0.01
1594 5096 0.01
1598 3432 0.01
1599 5808 0.01
1600 2731 0.01
1604 4028 0.01
1606 2459 0.01
1606 4415 0.01
1606 5196 0.01
1607 3780 0.01
1609 3837 0.01
1610 2742 0.01
1610 3488 0.01
1610 4709 0.01
1611 3258 0.01
1612 3435 0.01
1614 2982 0.01
1614 3489 0.01
1614 4064 0.01
1615 3716 0.01
1615 3750 0.01
1616 3676 0.01
1619 2523 0.01
1620 3574 0.01
1620 3919 0.01
1621 1967 0.01
1622 4984 0.01
1624 2293 0.01
1624 3230 0.01
1624 5950 0.01
1626 1697 0.01
1628 2468 0.01
1628 2956 0.01
1630 2637 0.01
1631 4597 0.01
1633 2180 0.01
1633 4745 0.01
1634 1867 0.01
1637 4354 0.01
1638 2473 0.01
1638 5664 0.01
1638 5731 0.01
1640 2258 0.01
1642 5403 0.01
1644 5570 0.01
1644 5874 0.01
1646 2524 0.01
1649 5366 0.01
1652 2901 0.01
1652 4611 0.01
1655 3644 0.01
1655 4101 0.01
1656 4723 0.01
1656 4929 0.01
1658 2498 0.01
1658 2888 0.01
1658 5057 0.01
1660 1703 0.01
1660 2531 0.01
1660 3936 0.01
1661 2670 0.01
1662 2913 0.01
1662 5409 0.01
1663 5603 0.01
1666 2381 0.01
1667 4220 0.01
1668 2132 0.01
1668 2679 0.01
1668 2804 0.01
1668 3922 0.01
1668 4010 0.01
1669 4344 0.01
1670 2486 0.01
1670 2550 0.01
1670 3012 0.01
1671 4490 0.01
1673 3659 0.01
1674 4857 0.01
1674 5406 0.01
1675 5494 0.01
1676 3587 0.01
1677 5607 0.01
1679 1844 0.01
1679 5981 0.01
1680 2630 0.01
1684 5513 0.01
1685 1787 0.01
1685 2708 0.01
1685 5384 0.01
1688 2539 0.01
1688 5791 0.01
1689 5450 0.01
1690 3987 0.01
1692 5300 0.01
1692 5343 0.01
1693 5053 0.01
1694 1702 0.01
1695 2718 0.01
1696 3131 0.01
1696 4852 0.01
1698 5063 0.01
1700 3304 0.01
1705 3819 0.01
1706 2420 0.01
1706 3883 0.01
1706 4734 0.01
1707 2396 0.01
1707 3746 0.01
1709 3631 0.01
1709 3651 0.01
1714 5684 0.01
1716 3505 0.01
1716 5777 0.01
1717 1911 0.01
1717 5297 0.01
1720 2087 0.01
1721 2483 0.01
1723 3076 0.01
1728 3941 0.01
1728 5730 0.01
1729 4604 0.01
1729 5917 0.01
1730 1876 0.01
1731 2315 0.01
1732 3066 0.01
1733 5876 0.01
1734 3277 0.01
1735 4027 0.01
1735 4668 0.01
1736 2211 0.01
1737 5014 0.01
1738 4016 0.01
1738 4541 0.01
1740 2917 0.01
1740 3902 0.01
1741 4241 0.01
1742 2353 0.01
1743 2753 0.01
1743 3948 0.01
1743 5694 0.01
1744 4793 0.01
1745 2246 0.01
1746 1748 0.01
1748 4333 0.01
1749 2642 0.01
1750 1918 0.01
1750 5892 0.01
1751 1931 0.01
1751 3903 0.01
1752 3611 0.01
1752 5604 0.01
1753 2275 0.01
1754 3285 0.01
1754 4377 0.01
1754 5969 0.01
1755 1809 0.01
1756 5081 0.01
1757 5414 0.01
1758 5301 0.01
1760 4634 0.01
1761 2448 0.01
1763 2695 0.01
1763 2802 0.01
1763 5481 0.01
1764 3187 0.01
1766 3240 0.01
1768 5934 0.01
1770 3480 0.01
1770 4229 0.01
1771 3337 0.01
1772 1982 0.01
1773 3075 0.01
1774 4348 0.01
1774 5242 0.01
1774 5483 0.01
1775 3894 0.01
1775 5887 0.01
1777 2478 0.01
1777 2755 0.01
1779 4557 0.01
1780 2931 0.01
1780 4281 0.01
1781 5747 0.01
1782 4556 0.01
1784 4694 0.01
1784 5285 0.01
1787 5147 0.01
1789 3564 0.01
1789 5400 0.01
1791 2215 0.01
1792 2460 0.01
1794 4176 0.01
1797 2095 0.01
1797 2394 0.01
1798 4405 0.01
1799 4494 0.01
1801 2881 0.01
1802 3357 0.01
1802 5036 0.01
1803 1819 0.01
1803 3451 0.01
1803 4235 0.01
1805 4393 0.01
1807 4564 0.01
1810 3344 0.01
1812 2739 0.01
1813 5656 0.01
1814 4514 0.01
1814 5411 0.01
1816 3388 0.01
1820 3832 0.01
1820 4081 0.01
1823 1995 0.01
1825 3024 0.01
1827 2523 0.01
1828 2779 0.01
1828 4219 0.01
1829 3989 0.01
1831 3308 0.01
1831 5660 0.01
1835 3147 0.01
1836 3384 0.01
1837 3061 0.01
1838 3402 0.01
1839 3188 0.01
1841 4979 0.01
1842 2851 0.01
1843 3621 0.01
1843 4265 0.01
1844 5156 0.01
1845 4477 0.01
1845 5369 0.01
1846 2899 0.01
1847 2449 0.01
1847 5241 0.01
1848 2618 0.01
1849 2400 0.01
1850 3651 0.01
1851 2323 0.01
1851 5289 0.01
1852 4249 0.01
1854 1865 0.01
1854 4675 0.01
1856 2486 0.01
1857 4294 0.01
1859 3744 0.01
1860 4424 0.01
1861 4939 0.01
1862 2131 0.01
1862 4041 0.01
1862 5310 0.01
1864 5839 0.01
1865 2587 0.01
1866 2567 0.01
1867 4179 0.01
1867 4248 0.01
1867 5342 0.01
1867 5458 0.01
1869 4113 0.01
1873 2222 0.01
1875 3763 0.01
1878 2134 0.01
1882 4589 0.01
1885 5610 0.01
1887 3863 0.01
1887 4128 0.01
1887 4647 0.01
1889 2581 0.01
1890 5581 0.01
1891 4622 0.01
1891 5113 0.01
1892 2660 0.01
1894 4185 0.01
1896 2708 0.01
1897 2295 0.01
1899 2340 0.01
1902 3317 0.01
1904 3028 0.01
1906 3017 0.01
1907 2088 0.01
1907 5258 0.01
1909 2107 0.01
1915 2561 0.01
1916 5663 0.01
1919 4187 0.01
1921 3036 0.01
1921 3363 0.01
1923 2707 0.01
1923 5024 0.01
1924 2952 0.01
1925 2704 0.01
1925 3641 0.01
1926 2578 0.01
1927 5799 0.01
1929 2675 0.01
1929 5399 0.01
1939 4661 0.01
1939 4917 0.01
1940 2302 0.01
1940 5873 0.01
1941 2575 0.01
1941 3409 0.01
1943 4259 0.01
1946 3311 0.01
1946 4205 0.01
1946 4607 0.01
1947 5239 0.01
1951 3534 0.01
1956 4461 0.01
1957 2939 0.01
1958 3559 0.01
1958 3660 0.01
1958 4996 0.01
1959 2154 0.01
1959 3106 0.01
1960 2239 0.01
1960 4347 0.01
1962 4806 0.01
1963 1976 0.01
1964 4896 0.01
1965 2562 0.01
1965 5277 0.01
1966 3913 0.01
1966 5676 0.01
1969 3720 0.01
1971 3520 0.01
1971 4452 0.01
1975 2307 0.01
1977 3076 0.01
1982 4947 0.01
1985 2601 0.01
1985 5248 0.01
1986 3242 0.01
1986 4801 0.01
1986 5362 0.01
1987 2911 0.01
1987 5489 0.01
1988 2125 0.01
1988 5727 0.01
1989 4632 0.01
1991 3282 0.01
1993 3475 0.01
1993 4933 0.01
1994 2459 0.01
1996 2279 0.01
1996 3653 0.01
1997 3294 0.01
2000 4783 0.01
2004 5818 0.01
2005 3383 0.01
2005 3733 0.01
2006 5028 0.01
2008 2239 0.01
2009 5061 0.01
2010 3466 0.01
2012 5615 0.01
2012 5802 0.01
2013 3422 0.01
2014 3769 0.01
2015 2414 0.01
2020 3328 0.01
2020 4660 0.01
2021 2221 0.01
2022 4336 0.01
2022 4397 0.01
2024 2503 0.01
2025 5593 0.01
2029 2106 0.01
2031 5833 0.01
2036 4583 0.01
2037 3044 0.01
2037 3099 0.01
2038 5165 0.01
2039 2282 0.01
2039 2397 0.01
2040 2228 0.01
2040 2332 0.01
2040 4491 0.01
2040 4651 0.01
2040 5747 0.01
2041 2546 0.01
2041 2641 0.01
2041 2719 0.01
2041 3900 0.01
2045 2691 0.01
2053 3094 0.01
2054 3935 0.01
2055 4322 0.01
2056 2301 0.01
2056 2766 0.01
2057 3691 0.01
2057 4638 0.01
2059 5363 0.01
2060 4972 0.01
2061 4390 0.01
2062 4287 0.01
2063 2116 0.01
2063 2446 0.01
2063 5536 0.01
2064 2754 0.01
2066 5753 0.01
2067 3779 0.01
2067 4739 0.01
2068 5240 0.01
2069 2476 0.01
2072 2401 0.01
2073 2196 0.01
2075 2434 0.01
2075 5835 0.01
2076 5906 0.01
2078 2373 0.01
2078 5088 0.01
2080 3142 0.01
2080 4872 0.01
2083 3420 0.01
2084 3858 0.01
2084 5206 0.01
2086 3582 0.01
2087 4481 0.01
2087 4833 0.01
2092 3365 0.01
2094 5532 0.01
2098 2240 0.01
2098 4046 0.01
2099 4115 0.01
2101 2717 0.01
2101 4838 0.01
2102 4004 0.01
2106 2542 0.01
2108 3404 0.01
2109 4989 0.01
2112 5120 0.01
2115 5948 0.01
2117 2280 0.01
2117 4297 0.01
2120 4765 0.01
2122 2571 0.01
2124 2463 0.01
2124 5246 0.01
2125 5157 0.01
2128 2138 0.01
2128 3350 0.01
2129 4684 0.01
2133 3106 0.01
2136 3239 0.01
2142 2441 0.01
2144 3442 0.01
2144 4791 0.01
2147 2373 0.01
2148 4648 0.01
2150 5441 0.01
2154 2238 0.01
2156 5598 0.01
2158 3099 0.01
2158 4771 0.01
2158 5360 0.01
2160 2663 0.01
2160 4457 0.01
2162 4697 0.01
2162 5395 0.01
2164 3128 0.01
2164 3213 0.01
2165 3479 0.01
2171 5178 0.01
2183 3242 0.01
2188 3249 0.01
2190 2201 0.01
2191 5717 0.01
2193 3434 0.01
2199 2737 0.01
2201 2768 0.01
2201 3086 0.01
2202 5000 0.01
2202 5332 0.01
2203 3229 0.01
2203 3860 0.01
2206 3253 0.01
2212 3949 0.01
2214 4121 0.01
2214 4298 0.01
2216 3291 0.01
2218 2756 0.01
2219 2640 0.01
2221 4819 0.01
2225 2769 0.01
2225 4635 0.01
2226 2945 0.01
2227 2348 0.01
2237 4918 0.01
2239 4232 0.01
2241 2979 0.01
2244 5922 0.01
2245 2613 0.01
2248 5586 0.01
2250 5499 0.01
2252 3803 0.01
2253 3346 0.01
2256 3105 0.01
2257 2743 0.01
2258 2838 0.01
2260 4712 0.01
2262 4167 0.01
2264 4811 0.01
2264 5100 0.01
2268 5033 0.01
2270 3351 0.01
2272 3662 0.01
2272 3981 0.01
2273 2603 0.01
2275 5982 0.01
2277 4174 0.01
2279 2662 0.01
2281 3375 0.01
2282 2879 0.01
2284 5804 0.01
2289 3457 0.01
2290 3321 0.01
2290 3839 0.01
2293 5288 0.01
2295 4033 0.01
2300 4916 0.01
2303 2621 0.01
2304 3157 0.01
2304 5909 0.01
2305 2493 0.01
2307 2825 0.01
2320 5726 0.01
2329 5394 0.01
2329 5896 0.01
2332 3019 0.01
2341 3497 0.01
2343 2460 0.01
2350 4114 0.01
2358 2848 0.01
2360 3463 0.01
2361 5473 0.01
2366 4523 0.01
2371 4030 0.01
2372 5123 0.01
2373 5410 0.01
2374 2995 0.01
2376 4302 0.01
2384 3261 0.01
2385 5405 0.01
2389 4844 0.01
2391 2609 0.01
2393 2824 0.01
2394 3782 0.01
2394 4420 0.01
2397 3396 0.01
2398 2865 0.01
2404 2898 0.01
2404 3969 0.01
2406 3297 0.01
2411 4823 0.01
2413 4638 0.01
2420 2520 0.01
2425 4293 0.01
2429 4522 0.01
2436 3873 0.01
2439 4319 0.01
2441 5649 0.01
2443 3735 0.01
2445 4740 0.01
2447 5426 0.01
2453 2614 0.01
2454 4262 0.01
2455 3851 0.01
2462 4559 0.01
2466 5934 0.01
2467 2805 0.01
2478 5490 0.01
2480 4097 0.01
2482 4178 0.01
2482 4450 0.01
2484 3332 0.01
2486 3349 0.01
2495 4508 0.01
2498 3222 0.01
2498 3897 0.01
2501 2770 0.01
2503 2511 0.01
2511 2653 0.01
2513 3241 0.01
2517 3701 0.01
2520 4181 0.01
2521 5243 0.01
2522 3088 0.01
2525 5973 0.01
2526 4863 0.01
2527 5860 0.01
2528 2700 0.01
2529 3354 0.01
2531 2570 0.01
2531 4886 0.01
2538 3369 0.01
2543 5457 0.01
2546 5460 0.01
2548 4451 0.01
2551 3045 0.01
2554 3646 0.01
2554 5912 0.01
2557 5162 0.01
2561 2951 0.01
2564 3841 0.01
2564 4172 0.01
2569 3798 0.01
2582 2890 0.01
2584 2715 0.01
2585 2981 0.01
2586 4956 0.01
2596 4061 0.01
2596 4345 0.01
2599 5780 0.01
2608 2840 0.01
2610 3108 0.01
2611 2977 0.01
2611 4008 0.01
2613 3097 0.01
2616 3317 0.01
2617 2645 0.01
2622 4860 0.01
2623 4953 0.01
2625 5453 0.01
2639 3046 0.01
2639 3410 0.01
2639 3418 0.01
2639 3583 0.01
2639 3741 0.01
2645 2654 0.01
2649 5538 0.01
2651 3148 0.01
2655 4139 0.01
2659 4432 0.01
2661 2817 0.01
2668 4180 0.01
2669 4386 0.01
2669 4475 0.01
2675 5023 0.01
2677 4117 0.01
2678 3430 0.01
2679 4474 0.01
2680 3608 0.01
2681 3201 0.01
2681 3890 0.01
2682 3347 0.01
2690 4680 0.01
2691 3016 0.01
2696 4858 0.01
2697 4371 0.01
2699 3335 0.01
2704 4550 0.01
2706 3040 0.01
2706 3302 0.01
2707 4691 0.01
2709 3979 0.01
2715 4930 0.01
2716 3392 0.01
2718 3718 0.01
2718 4701 0.01
2719 3471 0.01
2723 3349 0.01
2723 4761 0.01
2727 4665 0.01
2736 3901 0.01
2736 5140 0.01
2747 4729 0.01
2749 2780 0.01
2758 4257 0.01
2759 5488 0.01
2761 4464 0.01
2765 3666 0.01
2768 4116 0.01
2771 3398 0.01
2789 3667 0.01
2793 3721 0.01
2804 3822 0.01
2810 5984 0.01
2814 5440 0.01
2818 5374 0.01
2824 3361 0.01
2825 3395 0.01
2827 3808 0.01
2829 2857 0.01
2834 4026 0.01
2843 3461 0.01
2844 4609 0.01
2845 3507 0.01
2846 5786 0.01
2847 2950 0.01
2854 5556 0.01
2856 4752 0.01
2867 3569 0.01
2871 5199 0.01
2880 4899 0.01
2886 3855 0.01
2887 5966 0.01
2898 2910 0.01
2899 5083 0.01
2907 3029 0.01
2908 3570 0.01
2915 5771 0.01
2919 5009 0.01
2924 3154 0.01
2925 4850 0.01
2927 4544 0.01
2935 4509 0.01
2940 4038 0.01
2940 5357 0.01
2942 4170 0.01
2943 5273 0.01
2953 3569 0.01
2960 5160 0.01
2964 5220 0.01
2966 3580 0.01
2967 5001 0.01
2976 3427 0.01
2985 4366 0.01
2986 4758 0.01
2989 3571 0.01
2990 4724 0.01
2992 4227 0.01
2994 5565 0.01
3011 4642 0.01
3011 5949 0.01
3013 3690 0.01
3017 4353 0.01
3018 3389 0.01
3030 3511 0.01
3033 5225 0.01
3042 5391 0.01
3055 3543 0.01
3056 4396 0.01
3060 3680 0.01
3072 4070 0.01
3075 5650 0.01
3087 3525 0.01
3092 4885 0.01
3096 4241 0.01
3103 4558 0.01
3108 3318 0.01
3140 5136 0.01
3146 4071 0.01
3152 5672 0.01
3155 4236 0.01
3170 4034 0.01
3176 3180 0.01
3177 5353 0.01
3188 4310 0.01
3192 4487 0.01
3203 3947 0.01
3212 4828 0.01
3234 4369 0.01
3239 5525 0.01
3247 3611 0.01
3256 5644 0.01
3266 5745 0.01
3277 4334 0.01
3307 3816 0.01
3310 3523 0.01
3314 4596 0.01
3319 3343 0.01
3331 4088 0.01
3345 3816 0.01
3368 4654 0.01
3394 5574 0.01
3407 5031 0.01
3412 5646 0.01
3419 3799 0.01
3425 3882 0.01
3429 5914 0.01
3443 5379 0.01
3453 5019 0.01
3481 3802 0.01
3482 5270 0.01
3491 5463 0.01
3501 5585 0.01
3509 3783 0.01
3513 5352 0.01
3518 5127 0.01
3526 3994 0.01
3526 4226 0.01
3527 5424 0.01
3529 5711 0.01
3554 5519 0.01
3566 4537 0.01
3578 5689 0.01
3583 5606 0.01
3587 5158 0.01
3588 5785 0.01
3600 4983 0.01
3635 4513 0.01
3668 5318 0.01
3719 4993 0.01
3761 5736 0.01
3767 3820 0.01
3770 4383 0.01
3772 5623 0.01
3776 4553 0.01
3795 4400 0.01
3833 4659 0.01
3842 5099 0.01
3889 5205 0.01
3892 5941 0.01
3898 4257 0.01
3908 4049 0.01
3912 5269 0.01
3921 4874 0.01
3937 5948 0.01
3963 5358 0.01
3988 5507 0.01
4008 5432 0.01
4068 5031 0.01
4071 5895 0.01
4087 5435 0.01
4095 5035 0.01
4138 4575 0.01
4143 4659 0.01
4163 5633 0.01
4196 4204 0.01
4200 5191 0.01
4215 4292 0.01
4231 4683 0.01
4252 4339 0.01
4266 5659 0.01
4286 5539 0.01
4329 5616 0.01
4338 5788 0.01
4352 5723 0.01
4377 4637 0.01
4402 4510 0.01
4411 4417 0.01
4440 4895 0.01
4470 4543 0.01
4484 5272 0.01
4519 4814 0.01
4569 4936 0.01
4671 5629 0.01
4713 5492 0.01
4728 4746 0.01
4788 5461 0.01
4875 4952 0.01
5081 5305 0.01
5093 5705 0.01
5384 5955 0.01
5730 5817 0.01
5802 5933 0.01
147 5216 0.02
324 3224 0.02
417 5115 0.02
475 2233 0.02
475 3130 0.02
717 1536 0.02
858 985 0.02
1146 5813 0.02
1163 4831 0.02
1458 3185 0.02
1920 4961 0.02
3437 5927 0.02
