600
599
2 79 0.04
3 42 0.02
4 129 0.04
5 53 0.02
6 198 0.03
7 233 0.02
8 193 0.02
9 467 0.07
10 569 0.04
11 301 0.03
12 364 0.03
13 322 0.04
14 19 0.03
15 135 0.01
16 305 0.01
17 513 0.05
18 552 0.01
19 550 0.04
20 463 0.01
21 461 0.01
22 346 0.01
23 159 0.02
24 40 0.01
25 7 0.01
26 459 0.05
27 502 0.02
28 43 0.03
29 551 0.01
30 174 0.01
31 180 0.03
32 378 0.01
33 4 0.04
34 590 0.01
35 70 0.03
36 427 0.03
37 545 0.03
38 187 0.02
39 311 0.02
40 131 0.02
41 342 0.03
42 382 0.05
43 492 0.01
44 351 0.04
45 345 0.03
46 34 0.02
47 46 0.05
48 276 0.02
49 313 0.03
50 472 0.02
51 225 0.01
52 506 0.03
53 410 0.02
54 560 0.02
55 457 0.01
56 448 0.03
57 449 0.03
58 271 0.03
59 440 0.02
60 179 0.01
61 144 0.03
62 448 0.03
63 562 0.02
64 281 0.02
65 182 0.02
66 225 0.01
67 8 0.03
68 55 0.03
69 540 0.01
70 313 0.02
71 579 0.07
72 533 0.02
73 100 0.01
74 16 0.02
75 346 0.01
76 187 0.05
77 22 0.01
78 198 0.05
79 119 0.02
80 530 0.04
81 450 0.04
82 205 0.02
83 382 0.02
84 307 0.01
85 485 0.01
86 359 0.02
87 7 0.04
88 13 0.02
89 134 0.01
90 595 0.03
91 217 0.02
92 61 0.01
93 124 0.02
94 337 0.05
95 552 0.03
96 427 0.01
97 404 0.02
98 466 0.02
99 135 0.03
100 162 0.04
101 420 0.02
102 518 0.02
103 65 0.02
104 404 0.02
105 107 0.02
106 592 0.1
107 158 0.03
108 102 0.01
109 7 0.03
110 591 0.03
111 556 0.01
112 476 0.03
113 337 0.02
114 353 0.01
115 45 0.05
116 279 0.05
117 217 0.02
118 105 0.02
119 193 0.03
120 478 0.04
121 260 0.02
122 589 0.02
123 175 0.09
124 96 0.01
125 226 0.05
126 32 0.04
127 136 0.02
128 559 0.03
129 472 0.03
130 457 0.03
131 410 0.02
132 271 0.03
133 508 0.03
134 131 0.01
135 129 0.01
136 209 0.04
137 183 0.03
138 402 0.03
139 113 0.01
140 168 0.01
141 389 0.03
142 134 0.03
143 84 0.01
144 292 0.02
145 162 0.03
146 236 0.01
147 100 0.02
148 210 0.02
149 70 0.03
150 183 0.03
151 405 0.01
152 435 0.02
153 295 0.04
154 261 0.04
155 264 0.05
156 64 0.02
157 22 0.02
158 572 0.01
159 491 0.01
160 333 0.04
161 527 0.02
162 516 0.01
163 153 0.04
164 49 0.03
165 214 0.01
166 168 0.02
167 132 0.02
168 551 0.03
169 380 0.03
170 527 0.01
171 596 0.01
172 2 0.04
173 185 0.03
174 134 0.01
175 359 0.02
176 16 0.01
177 296 0.01
178 361 0.02
179 596 0.01
180 480 0.01
181 570 0.02
182 340 0.01
183 105 0.03
184 485 0.06
185 220 0.01
186 526 0.02
187 559 0.02
188 157 0.03
189 260 0.04
190 73 0.02
191 406 0.02
192 521 0.05
193 594 0.01
194 438 0.06
195 502 0.02
196 486 0.01
197 113 0.03
198 524 0.01
199 472 0.01
200 404 0.05
201 440 0.02
202 497 0.03
203 104 0.01
204 277 0.02
205 348 0.02
206 442 0.02
207 169 0.01
208 186 0.03
209 485 0.02
210 448 0.01
211 207 0.02
212 538 0.01
213 170 0.05
214 222 0.03
215 597 0.04
216 144 0.02
217 177 0.02
218 34 0.02
219 398 0.02
220 140 0.04
221 112 0.02
222 188 0.03
223 139 0.02
224 77 0.03
225 84 0.02
226 76 0.05
227 405 0.01
228 404 0.01
229 523 0.02
230 514 0.04
231 309 0.02
232 464 0.02
233 478 0.01
234 83 0.06
235 429 0.01
236 206 0.02
237 383 0.01
238 488 0.01
239 322 0.04
240 443 0.01
241 295 0.04
242 139 0.02
243 108 0.02
244 443 0.02
245 66 0.02
246 74 0.02
247 433 0.04
248 577 0.01
249 490 0.04
250 300 0.03
251 92 0.01
252 7 0.01
253 478 0.01
254 260 0.04
255 491 0.02
256 337 0.02
257 160 0.02
258 64 0.01
259 181 0.01
260 253 0.02
261 158 0.06
262 205 0.06
263 340 0.01
264 49 0.02
265 231 0.01
266 95 0.03
267 278 0.03
268 261 0.01
269 40 0.02
270 324 0.03
271 84 0.02
272 22 0.03
273 386 0.02
274 515 0.08
275 265 0.02
276 225 0.01
277 279 0.01
278 1 0.03
279 87 0.02
280 442 0.01
281 554 0.01
282 340 0.03
283 259 0.02
284 543 0.02
285 103 0.02
286 207 0.01
287 7 0.03
288 286 0.04
289 548 0.03
290 474 0.03
291 21 0.02
292 561 0.01
293 410 0.01
294 74 0.05
295 54 0.01
296 72 0.02
297 439 0.04
298 40 0.01
299 401 0.02
300 201 0.04
301 428 0.01
302 150 0.03
303 414 0.02
304 13 0.01
305 345 0.02
306 345 0.04
307 283 0.01
308 182 0.02
309 337 0.01
310 353 0.02
311 18 0.03
312 380 0.01
313 478 0.01
314 95 0.02
315 596 0.01
316 176 0.02
317 259 0.06
318 132 0.03
319 139 0.07
320 228 0.03
321 254 0.01
322 167 0.03
323 389 0.02
324 596 0.02
325 455 0.05
326 149 0.01
327 453 0.04
328 1 0.02
329 215 0.03
330 337 0.03
331 256 0.02
332 388 0.04
333 392 0.01
334 309 0.02
335 241 0.02
336 489 0.01
337 260 0.01
338 231 0.04
339 292 0.02
340 124 0.02
341 443 0.02
342 370 0.03
343 145 0.02
344 119 0.01
345 271 0.01
346 218 0.01
347 333 0.01
348 131 0.02
349 234 0.04
350 112 0.01
351 498 0.03
352 341 0.02
353 452 0.02
354 475 0.04
355 356 0.02
356 437 0.01
357 497 0.03
358 171 0.02
359 63 0.01
360 95 0.04
361 487 0.03
362 473 0.03
363 591 0.01
364 258 0.01
365 443 0.02
366 282 0.03
367 170 0.02
368 337 0.04
369 576 0.04
370 253 0.01
371 532 0.02
372 534 0.03
373 509 0.03
374 143 0.01
375 517 0.02
376 20 0.01
377 364 0.05
378 252 0.02
379 282 0.03
380 197 0.02
381 328 0.04
382 201 0.04
383 533 0.01
384 467 0.02
385 180 0.02
386 255 0.04
387 456 0.02
388 40 0.01
389 27 0.03
390 309 0.01
391 122 0.03
392 320 0.02
393 185 0.02
394 19 0.02
395 351 0.01
396 131 0.03
397 589 0.01
398 296 0.02
399 246 0.02
400 600 0.01
401 33 0.02
402 242 0.02
403 500 0.02
404 533 0.01
405 397 0.03
406 373 0.01
407 39 0.02
408 112 0.04
409 29 0.02
410 1 0.03
411 515 0.04
412 359 0.01
413 478 0.03
414 451 0.02
415 248 0.01
416 426 0.02
417 585 0.01
418 296 0.02
419 530 0.01
420 532 0.02
421 66 0.06
422 424 0.04
423 354 0.03
424 217 0.02
425 255 0.02
426 30 0.02
427 53 0.02
428 207 0.03
429 100 0.04
430 25 0.02
431 509 0.01
432 180 0.02
433 227 0.02
434 558 0.03
435 198 0.05
436 227 0.03
437 7 0.02
438 348 0.01
439 175 0.03
440 409 0.03
441 181 0.07
442 570 0.03
443 498 0.01
444 426 0.03
445 171 0.02
446 176 0.03
447 61 0.03
448 486 0.02
449 91 0.02
450 260 0.03
451 572 0.03
452 451 0.02
453 443 0.01
454 393 0.01
455 179 0.01
456 158 0.04
457 359 0.03
458 160 0.04
459 145 0.02
460 232 0.02
461 330 0.02
462 64 0.04
463 345 0.03
464 221 0.03
465 502 0.03
466 348 0.01
467 231 0.03
468 410 0.11
469 348 0.01
470 116 0.07
471 344 0.01
472 298 0.02
473 475 0.02
474 61 0.03
475 174 0.02
476 117 0.01
477 286 0.04
478 199 0.01
479 109 0.02
480 66 0.02
481 356 0.02
482 129 0.01
483 125 0.02
484 27 0.03
485 82 0.01
486 351 0.01
487 217 0.03
488 485 0.01
489 454 0.03
490 30 0.02
491 466 0.01
492 350 0.02
493 533 0.01
494 339 0.02
495 369 0.01
496 401 0.03
497 93 0.02
498 85 0.01
499 177 0.08
500 586 0.04
501 146 0.07
502 542 0.03
503 32 0.03
504 376 0.05
505 199 0.04
506 230 0.01
507 525 0.03
508 502 0.01
509 187 0.01
510 222 0.02
511 228 0.01
512 77 0.03
513 134 0.03
514 563 0.03
515 503 0.03
516 51 0.01
517 406 0.01
518 511 0.02
519 482 0.02
520 570 0.03
521 337 0.03
522 407 0.03
523 149 0.02
524 331 0.02
525 529 0.03
526 325 0.04
527 291 0.01
528 448 0.02
529 574 0.02
530 279 0.03
531 358 0.02
532 340 0.02
533 513 0.02
534 598 0.05
535 164 0.05
536 424 0.04
537 372 0.07
538 293 0.04
539 126 0.05
540 79 0.04
541 62 0.06
542 532 0.02
543 127 0.02
544 57 0.07
545 385 0.01
546 466 0.02
547 23 0.03
548 177 0.01
549 545 0.02
550 243 0.01
551 96 0.01
552 324 0.02
553 551 0.04
554 466 0.03
555 77 0.07
556 109 0.05
557 80 0.03
558 432 0.01
559 352 0.03
560 23 0.02
561 48 0.01
562 444 0.03
563 486 0.03
564 345 0.01
565 27 0.03
566 421 0.05
567 38 0.01
568 385 0.03
569 382 0.01
570 244 0.01
571 21 0.01
572 265 0.01
573 361 0.03
574 142 0.02
575 355 0.01
576 30 0.01
577 96 0.02
578 202 0.03
579 309 0.02
580 340 0.07
581 219 0.02
582 50 0.05
583 237 0.01
584 418 0.03
585 35 0.03
586 70 0.03
587 402 0.04
588 224 0.04
589 134 0.02
590 579 0.01
591 89 0.01
592 391 0.03
593 139 0.04
594 600 0.01
595 512 0.02
596 30 0.03
597 335 0.01
598 313 0.01
599 454 0.03
600 122 0.03
