2000
1999
2 185 1.06
3 429 4.04
4 250 7.7
5 1551 0.17
6 1164 2.82
7 120 1.61
8 773 1.76
9 1127 2.03
10 1689 1.1
11 1731 0.51
12 1999 6.02
13 68 1.21
14 1797 0.48
15 992 0.2
16 1912 3.55
17 701 0.37
18 697 1.29
19 1531 0.32
20 1830 0.57
21 1285 0.78
22 1183 0.08
23 1756 1.09
24 124 1.81
25 322 1.42
26 1389 0.75
27 614 2.22
28 203 3.27
29 1706 0.48
30 1523 2.2
31 1055 0.99
32 1096 1.25
33 318 0.45
34 678 1
35 832 1.24
36 1952 1.08
37 1989 1.57
38 111 0.08
39 1678 1.38
40 981 1.75
41 21 0.75
42 1462 2.19
43 1771 2.67
44 1751 0.88
45 89 1.52
46 311 0.21
47 723 0.33
48 626 1.03
49 362 0.13
50 499 1.55
51 328 0.55
52 289 0.93
53 1044 2.49
54 1095 0.61
55 869 3.73
56 1018 1.59
57 1846 0.15
58 1615 1.69
59 617 4.5
60 670 1.06
61 303 2
62 966 1.86
63 1107 2.81
64 765 3.02
65 1745 0.29
66 1865 0.67
67 765 2.88
68 1124 1.36
69 899 1.89
70 1070 1.77
71 1257 1.23
72 1295 0.79
73 150 1.93
74 637 1.01
75 86 0.09
76 636 0.74
77 1643 2.11
78 1662 4.52
79 41 1.26
80 210 0.97
81 1115 1.76
82 762 3.1
83 1964 0.39
84 898 0.03
85 653 0.97
86 1097 1
87 308 0.69
88 1664 4.12
89 1174 1.1
90 1620 1.76
91 787 0.27
92 527 3.51
93 45 1
94 1393 3.92
95 1135 2.03
96 383 0.73
97 1762 2.19
98 894 4.18
99 1182 1.77
100 1227 1.12
101 573 1.05
102 864 0.92
103 1900 4.05
104 1007 0.65
105 183 1.59
106 924 1.08
107 268 2.34
108 471 2.12
109 1003 2.87
110 735 1.19
111 496 0.72
112 778 1.3
113 1352 3.01
114 1549 1.21
115 1472 3.22
116 306 1.03
117 1111 0.19
118 654 1.52
119 1014 0.21
120 1759 1.29
121 441 1.68
122 785 1.12
123 238 1.78
124 1820 1.07
125 422 0.7
126 1487 2.5
127 1988 3.06
128 405 0.64
129 1777 3.28
130 257 1.39
131 1198 1.63
132 1561 0.97
133 1479 0.45
134 1409 0.11
135 536 3.4
136 1778 1.5
137 63 2.3
138 235 6.12
139 1516 1.54
140 223 2.56
141 1678 2.46
142 735 0.72
143 1139 0.29
144 429 0.12
145 1972 0.98
146 214 1.67
147 1407 0.89
148 458 0.33
149 1775 0.78
150 332 1.48
151 166 2.39
152 1648 1.19
153 873 2.68
154 1761 4.73
155 86 1.06
156 1269 5.83
157 924 0.13
158 563 1.28
159 1243 1.65
160 539 1.52
161 69 1.43
162 1670 1.35
163 1022 0.06
164 147 0.52
165 1398 3.02
166 1491 1.25
167 1275 0.51
168 1447 0.85
169 981 0.95
170 1649 0.13
171 1687 1.29
172 811 1.81
173 1660 0.1
174 502 1.65
175 758 1.23
176 908 0.36
177 1484 2.08
178 977 0.49
179 1406 2.85
180 61 0.78
181 175 0.06
182 1953 1.37
183 1071 0.05
184 1887 0.4
185 1367 0.78
186 367 2.94
187 260 1.1
188 449 2.46
189 603 1.44
190 909 3.79
191 1969 1.98
192 210 0.76
193 995 4.8
194 1392 1.49
195 144 0.7
196 1794 3.41
197 931 0.88
198 712 2.47
199 766 5.13
200 1939 4.66
201 95 1.28
202 1981 0.55
203 639 0.01
204 618 2.77
205 650 6.1
206 359 3.13
207 299 0.28
208 659 2.01
209 1446 1.41
210 1256 0.07
211 133 2.37
212 1028 0.99
213 1557 2.58
214 1980 0.43
215 704 0.42
216 1492 1.97
217 252 0.28
218 400 1.55
219 195 1.13
220 244 4.76
221 347 2.08
222 1991 1.13
223 1140 1
224 1383 2.93
225 1037 0.07
226 1442 2.32
227 587 0.95
228 1724 1.51
229 1457 1.26
230 351 0.32
231 143 2.02
232 533 1.23
233 262 0.43
234 1428 1.85
235 810 1.27
236 347 1.38
237 735 3.27
238 898 0.25
239 851 0.56
240 984 1.71
241 1573 2.6
242 21 1.35
243 297 2.19
244 714 1.45
245 1247 2.9
246 57 3.14
247 207 2.92
248 1185 0.43
249 1095 1.92
250 633 1.08
251 854 2.55
252 1809 1.29
253 1590 5.42
254 544 0.75
255 1610 0.96
256 350 1.09
257 1936 0.97
258 1991 1.86
259 1838 0.86
260 1526 0.03
261 1654 0.53
262 672 1.12
263 376 0.14
264 492 1.73
265 597 2.81
266 1910 3.66
267 1174 2.06
268 1928 0.91
269 1412 2.53
270 1339 1.39
271 617 1.2
272 1001 1.51
273 325 1.23
274 1197 1.9
275 887 0.79
276 1954 0.02
277 1189 1.31
278 396 1.31
279 1641 1.6
280 684 1.43
281 432 1.51
282 921 0.54
283 1766 2.85
284 613 1.47
285 1107 2.04
286 942 1.1
287 577 0.91
288 1389 3.29
289 1465 1.3
290 1817 0.64
291 819 0.87
292 1683 0.01
293 1695 1.24
294 889 2.1
295 733 0.18
296 785 0.79
297 1787 1.08
298 756 3.32
299 1592 0.09
300 523 1.25
301 1951 1.21
302 1500 1.14
303 57 0.11
304 1160 3.88
305 29 0.28
306 1949 0.31
307 62 2.6
308 1828 1.3
309 1287 2.79
310 1638 1.21
311 465 0.09
312 839 1.14
313 1093 4.32
314 834 1.99
315 399 1.25
316 736 3.35
317 1684 0.89
318 740 0.37
319 1237 4.47
320 1756 0.35
321 261 1.13
322 822 0.55
323 590 0.29
324 51 1.01
325 1472 0.93
326 951 1.86
327 1854 0.98
328 1899 0.61
329 59 4.38
330 1951 1.99
331 603 2.41
332 1585 1.46
333 750 2.37
334 1899 0.5
335 1473 0.2
336 1000 1.69
337 1059 1.84
338 83 0.54
339 1336 0.46
340 1175 3.45
341 1505 2.95
342 1706 2.25
343 1185 1.6
344 882 2.05
345 1055 0.85
346 1329 1.38
347 770 1.08
348 604 0.68
349 1943 0.51
350 169 1.22
351 658 0.98
352 1500 3.4
353 758 2.02
354 10 2.15
355 1616 0.78
356 713 1.88
357 911 0.61
358 1650 1.45
359 1885 0.41
360 20 2.04
361 1118 0.24
362 185 0.16
363 1187 1.25
364 1570 6.23
365 1969 1.66
366 415 1.32
367 855 1.35
368 293 0.65
369 721 0.65
370 1424 0.9
371 492 2.61
372 556 2.8
373 1108 2.45
374 1711 0.31
375 49 3.24
376 502 0.82
377 363 0.91
378 450 1.76
379 120 0.33
380 1322 2.71
381 1533 2.41
382 1015 1.86
383 1387 1.87
384 1669 2.32
385 1072 2.1
386 273 0.3
387 1276 0.25
388 1305 1.63
389 1326 0.68
390 802 2.93
391 158 0.23
392 1092 0.54
393 507 2.42
394 1542 3.86
395 152 0.47
396 415 1.35
397 386 2.45
398 1468 3.42
399 1662 1.14
400 1405 0.24
401 174 0.91
402 975 1.15
403 1386 4.2
404 1185 2.46
405 158 0.35
406 1865 0.02
407 1207 0.28
408 1571 0.17
409 1881 0.06
410 644 2.23
411 457 0.74
412 1774 2.61
413 91 4.8
414 1260 2.88
415 15 0.63
416 507 0.58
417 818 1.73
418 1717 0.97
419 404 1.32
420 1362 0.17
421 261 1.99
422 765 0.64
423 931 0.35
424 1468 0.19
425 380 1.95
426 763 2.68
427 1560 0.92
428 853 0.77
429 975 0.67
430 1965 1.08
431 1937 1.9
432 590 0.18
433 81 1.3
434 291 1.37
435 1646 3.08
436 694 0.38
437 1526 2.31
438 151 2.47
439 613 1.41
440 389 3.43
441 730 0.32
442 1403 7.55
443 1505 0.06
444 173 0.94
445 946 0.57
446 553 2.43
447 1520 0.67
448 1691 1.62
449 1078 1.54
450 1221 2.09
451 685 3.29
452 1686 0.58
453 1877 0.92
454 593 2.97
455 751 0.01
456 1470 2.62
457 1394 0.12
458 1693 0.02
459 1741 0.66
460 1804 1.46
461 1698 2.1
462 1695 1.43
463 1432 3.1
464 1783 1.79
465 767 1.18
466 1676 0.82
467 611 1.99
468 1114 5.08
469 1794 1.57
470 44 0.31
471 600 0.79
472 1730 1.01
473 164 1.49
474 1733 0.33
475 1870 1.29
476 734 4.22
477 445 0.31
478 1786 0.23
479 1157 0.66
480 62 0.3
481 634 0.6
482 1196 0.91
483 216 3.26
484 1417 1.93
485 1377 1.48
486 1604 2.26
487 1500 0.28
488 882 1.3
489 159 2.67
490 1925 0.97
491 343 3.27
492 1647 1.47
493 981 2.93
494 111 1.99
495 1246 0.44
496 1994 0.97
497 239 1.41
498 90 2.67
499 767 2.17
500 89 1.42
501 1808 0.8
502 1080 1.96
503 1504 2.42
504 1196 4.76
505 1980 1.48
506 1180 1.43
507 933 0.69
508 448 2.18
509 813 2.89
510 1242 0.72
511 1572 6.8
512 1159 2.63
513 885 0.92
514 183 0.18
515 1585 1.53
516 1678 0.95
517 1321 0.54
518 1000 1.22
519 1352 1.95
520 1537 5.71
521 230 1.22
522 590 1
523 1455 0.16
524 928 0.95
525 1942 0.96
526 852 2.43
527 1614 1.68
528 1534 3.97
529 590 0.14
530 1485 0.02
531 10 1.67
532 804 0.63
533 343 1.97
534 1029 1.72
535 1479 0.13
536 292 3
537 834 1.28
538 1380 1.03
539 1203 4.42
540 1110 0.01
541 1092 1.37
542 1942 0.95
543 1620 0.93
544 826 0.05
545 1850 2.62
546 371 1.53
547 1592 1.5
548 1592 4.08
549 1085 0.43
550 1037 0.24
551 401 0.22
552 893 2.98
553 1358 0.37
554 1760 2.35
555 1437 1.62
556 894 0.43
557 1251 1.26
558 483 0.89
559 452 0.99
560 487 0.48
561 728 3.55
562 1450 5.26
563 1872 2.5
564 1199 1.6
565 1989 0.91
566 277 1.36
567 537 0.1
568 1668 1.12
569 1272 0.85
570 578 2.41
571 51 0.42
572 653 3.41
573 102 0.93
574 958 0.63
575 496 0.24
576 1211 0.49
577 673 2.22
578 1332 0.62
579 87 6.23
580 1235 0.33
581 339 2.19
582 1615 2.08
583 1733 0.67
584 284 1.64
585 1711 0.1
586 1245 0.09
587 1820 1.32
588 1852 0.24
589 1836 1.72
590 668 0.71
591 1600 0.7
592 1578 1.56
593 542 0.71
594 1824 0.92
595 1441 1.68
596 663 4.13
597 1331 2.68
598 1903 2.16
599 315 3.09
600 1881 0.93
601 245 3.43
602 1830 1.82
603 255 0.89
604 1340 1.36
605 1123 0.95
606 262 2.26
607 1874 1.65
608 766 4.92
609 689 3.55
610 1466 0.17
611 1636 2.43
612 1132 0.21
613 841 0.42
614 1649 1.09
615 986 0.04
616 465 0.48
617 270 1.9
618 1949 2.13
619 250 2.38
620 1390 0.97
621 151 1.39
622 766 0.78
623 559 2.44
624 1014 0.83
625 1871 1.25
626 312 1.75
627 197 2.24
628 7 0.37
629 514 0.97
630 1999 0.07
631 192 0.64
632 1437 0.47
633 1043 1.08
634 1845 0.18
635 1991 0.6
636 1451 1.01
637 26 1.46
638 1535 1.61
639 824 0.38
640 1223 1.58
641 1383 0.72
642 781 0.07
643 831 2.08
644 171 0.04
645 1279 1.63
646 747 0.2
647 668 0.39
648 1578 2.85
649 1023 0.7
650 1784 2.24
651 281 0.05
652 32 0.28
653 1208 0.41
654 1669 0.08
655 50 6.89
656 1461 0.2
657 389 1.62
658 400 0.3
659 535 1.39
660 719 1.49
661 1982 1.57
662 258 1.52
663 1030 0.91
664 953 2.2
665 1165 0.44
666 682 0.46
667 1583 0.31
668 1457 0.22
669 1221 0.87
670 1128 0.79
671 494 2.83
672 1652 0.99
673 1085 1.73
674 139 0.61
675 778 0.9
676 450 1.53
677 1935 1.7
678 19 1.5
679 1896 1.27
680 1463 2.18
681 1749 3.3
682 1194 0.18
683 1900 0.78
684 585 1.03
685 321 2.98
686 1258 0.7
687 1522 0.59
688 303 1.57
689 963 1.03
690 625 0.78
691 1627 5.25
692 1839 1.19
693 713 1.37
694 39 0.99
695 157 1.37
696 99 0.11
697 1094 0.31
698 1801 0.68
699 1355 1.82
700 1260 2.42
701 1056 1.69
702 1741 0.02
703 1023 2
704 1385 1.38
705 1064 1.22
706 1109 1.63
707 475 0.89
708 312 0.95
709 1200 0.26
710 1018 1.66
711 1292 0.19
712 1446 1.22
713 540 1.3
714 1815 1.8
715 1956 1.86
716 1053 1.72
717 1254 1.01
718 1069 1.81
719 261 0.3
720 801 0.11
721 257 0.61
722 1887 0.37
723 1199 0.3
724 1938 0.18
725 1896 2.27
726 1346 4.23
727 1169 1.54
728 972 0.81
729 1680 0.21
730 879 1.08
731 1891 5.68
732 1280 3.29
733 540 1.25
734 1543 2.57
735 465 0.99
736 449 0.08
737 1813 0.62
738 1179 1.86
739 76 4.07
740 1620 1.01
741 27 3.47
742 1484 5.08
743 396 1.25
744 1438 1.6
745 849 0.49
746 1530 0.3
747 350 2.06
748 1821 4.53
749 1702 2.78
750 1228 2.02
751 1929 1.78
752 2 0.91
753 117 3.23
754 1201 1.14
755 808 2.14
756 1810 2.89
757 1302 2.81
758 1391 0.45
759 54 1.8
760 627 3.04
761 1592 6.73
762 214 2.63
763 1170 1.1
764 1020 0.2
765 1309 1.12
766 975 0.73
767 124 1.29
768 63 0.65
769 1641 0.63
770 15 2.19
771 1904 1.45
772 799 3.99
773 575 2.1
774 1245 0.42
775 1446 0.85
776 1427 1.5
777 589 1.01
778 1574 1.58
779 629 0.73
780 1997 0.52
781 496 0.86
782 1262 0.22
783 1404 0.01
784 1437 0.52
785 712 1.15
786 1622 3.46
787 75 3.27
788 1399 3.04
789 1852 2.87
790 858 0.13
791 824 1.47
792 355 1.15
793 1686 1.63
794 1022 2.47
795 632 0.29
796 564 1.36
797 997 1.09
798 1645 1.28
799 698 2.49
800 1349 0.93
801 614 1.92
802 585 0.84
803 1197 0.05
804 676 0.78
805 1391 0.24
806 639 0.24
807 985 1.92
808 57 1.87
809 1277 1.79
810 1527 0.53
811 1486 0.4
812 1241 0.99
813 118 1.28
814 1669 1.91
815 1733 1.96
816 776 0.35
817 752 1.03
818 455 1.9
819 613 0.91
820 1534 0.46
821 481 1.67
822 620 0.91
823 1287 0.5
824 649 1.1
825 1093 1.08
826 1371 1.54
827 445 1.15
828 1965 3.52
829 27 1.24
830 1676 0.08
831 932 1.6
832 33 0.83
833 376 0.4
834 1759 1.65
835 1962 3.38
836 1484 0.59
837 1150 3.6
838 514 1.9
839 112 0.45
840 1953 0.08
841 35 1.08
842 1445 0.12
843 817 1.89
844 607 0.61
845 1559 1.53
846 1221 1.82
847 1340 1.96
848 1730 1.72
849 1323 0.6
850 1657 3.44
851 144 1.17
852 1099 0.47
853 779 1.45
854 31 0.58
855 2 1.21
856 696 1.8
857 684 0.18
858 1788 0.15
859 683 1.17
860 1064 1.79
861 84 1.06
862 1777 0.99
863 1387 1.82
864 462 1.05
865 1571 2.65
866 1408 1.61
867 1335 0.54
868 1375 2.48
869 903 1.32
870 673 3.18
871 322 0.08
872 1615 2.16
873 743 0.74
874 1750 0.07
875 245 4.04
876 2 0.26
877 951 0.11
878 1501 1.12
879 955 1.08
880 1122 5.07
881 1202 1.62
882 1358 0.86
883 1059 0.67
884 1765 0.62
885 1678 0.8
886 1783 1.07
887 1013 1.78
888 1118 1.85
889 477 2.26
890 883 1.12
891 917 0.63
892 1249 2.19
893 1863 3.84
894 1821 0.19
895 1118 1.59
896 1756 0.54
897 1695 0.24
898 101 0.98
899 862 0.21
900 1377 5.37
901 19 2.23
902 427 3.24
903 1023 1.02
904 207 2.04
905 300 2.9
906 782 1.85
907 1862 3.35
908 617 1.54
909 5 1.34
910 747 0.72
911 54 2.14
912 1329 1.47
913 1903 1.01
914 874 4.76
915 165 3.74
916 665 0.97
917 1278 1.97
918 1125 1.58
919 1701 1.6
920 1932 0.54
921 1587 2.5
922 392 0.82
923 470 0.81
924 1644 0.91
925 629 1.36
926 306 0.85
927 61 3.8
928 1039 2.07
929 745 1.26
930 320 1.93
931 428 0.66
932 985 1.47
933 1198 0.04
934 985 1.08
935 18 2
936 354 0.66
937 1569 1.26
938 1560 0.25
939 188 0.18
940 773 2.34
941 1328 0.99
942 850 2.47
943 628 3.46
944 816 1.68
945 1257 0.22
946 1436 1.49
947 107 1.24
948 945 0.29
949 795 0.37
950 1356 1.56
951 1816 0.72
952 1948 2.32
953 1341 2.42
954 1267 0.72
955 1544 0.32
956 1332 1.23
957 1414 0.3
958 1 2.61
959 1556 2.97
960 1385 1.67
961 1541 1.87
962 1683 3.11
963 1284 0.54
964 1413 2.28
965 823 4.17
966 1017 1.73
967 278 1.37
968 1467 0.38
969 1477 1.05
970 374 0.91
971 1266 1.1
972 559 1.43
973 563 2.27
974 72 1.32
975 800 0.59
976 215 0.89
977 1654 1.13
978 712 1.06
979 1621 1.53
980 1722 4.92
981 1853 1.59
982 75 0.03
983 1068 2.32
984 1672 0.21
985 466 0.75
986 1321 1.23
987 170 3.22
988 249 0.9
989 1005 4.12
990 136 1.5
991 250 3.04
992 124 0.31
993 490 0.28
994 76 0.29
995 1089 1.48
996 1841 0.02
997 656 2.57
998 921 0.36
999 487 1.59
1000 871 1.09
1001 1041 1.62
1002 1643 0.32
1003 72 0.81
1004 1510 3.04
1005 890 0.54
1006 428 2.06
1007 170 1.04
1008 35 0.29
1009 1403 0.01
1010 1784 0.21
1011 1890 0.63
1012 1746 1.59
1013 766 1.52
1014 1018 1.47
1015 222 2.09
1016 1139 1.42
1017 11 2.25
1018 975 0.93
1019 1398 0.56
1020 674 2.15
1021 1324 2.27
1022 945 0.55
1023 195 0.13
1024 292 2.53
1025 245 2.25
1026 1520 2.43
1027 1999 2.06
1028 470 1.53
1029 809 3.59
1030 996 2.04
1031 99 2.45
1032 1950 0.25
1033 952 2.46
1034 347 3.95
1035 1585 0.07
1036 253 4.42
1037 1042 2.23
1038 1344 1.88
1039 318 0.35
1040 554 1.89
1041 1885 0.57
1042 1594 0.95
1043 482 0.36
1044 700 0.4
1045 153 3.74
1046 273 3.86
1047 1235 1.42
1048 835 2.18
1049 11 1.12
1050 1971 0.73
1051 1197 1.25
1052 971 0.81
1053 896 1.39
1054 831 1.73
1055 418 1.23
1056 1000 2.58
1057 796 2
1058 79 1.38
1059 688 0.78
1060 812 4.61
1061 735 0.28
1062 1293 2.16
1063 1867 0.44
1064 1778 1.93
1065 485 0.67
1066 1103 0.17
1067 1129 0.7
1068 1823 0.08
1069 616 2.37
1070 1059 1.68
1071 1003 0.21
1072 1065 0.31
1073 173 2.19
1074 1000 0.93
1075 1062 0.25
1076 356 2.04
1077 1316 1.57
1078 112 1.17
1079 1028 1.23
1080 366 1.27
1081 441 1.23
1082 685 1.87
1083 1853 1.81
1084 1193 1.73
1085 854 0.96
1086 1779 3.84
1087 1913 1.6
1088 1080 1.03
1089 1248 0.73
1090 1852 1.56
1091 922 0.67
1092 65 1.31
1093 1608 0.05
1094 1890 1.59
1095 712 0.05
1096 1900 0.25
1097 1901 1.4
1098 1327 0.08
1099 1035 1.01
1100 32 1
1101 1622 2.03
1102 668 0.33
1103 1106 2.44
1104 1417 1.2
1105 1918 1.16
1106 1777 2.37
1107 1082 1.85
1108 507 0.93
1109 547 1.66
1110 1670 1.26
1111 281 0.6
1112 45 7
1113 325 7.78
1114 1201 2.35
1115 752 0.39
1116 1569 1.42
1117 1690 2.3
1118 523 1.39
1119 1077 0.78
1120 182 1.17
1121 797 2.44
1122 945 3.08
1123 860 1.7
1124 933 1.56
1125 944 2.26
1126 1100 0.33
1127 1828 2.7
1128 1716 1.01
1129 19 1.73
1130 244 2.82
1131 1575 0.45
1132 507 0.69
1133 278 1.35
1134 344 3.05
1135 33 1.82
1136 376 0.85
1137 1253 0.52
1138 324 4.62
1139 575 1.63
1140 1129 0.19
1141 1771 0.73
1142 684 0.52
1143 1615 2.38
1144 1368 2.41
1145 1475 0.28
1146 312 2.51
1147 1718 1.32
1148 1951 1.22
1149 1892 3.16
1150 1019 1.25
1151 322 2.52
1152 1480 0.57
1153 542 1.98
1154 1541 0.95
1155 375 1.2
1156 1728 0.95
1157 1938 0.92
1158 841 1.5
1159 1226 0.34
1160 1466 2.54
1161 485 0.25
1162 132 1.2
1163 1093 0.62
1164 926 0.83
1165 1412 0.17
1166 736 2.75
1167 135 2.61
1168 1208 1.11
1169 1917 0.79
1170 729 1.71
1171 1981 0.19
1172 1777 2.7
1173 1788 0.05
1174 1071 1.14
1175 1344 1.17
1176 1717 1.66
1177 1646 2.96
1178 1445 0.63
1179 978 1.42
1180 646 1.05
1181 1995 0.61
1182 1793 0.3
1183 1137 2.91
1184 1168 1.61
1185 1605 1.19
1186 1217 1.25
1187 690 0.25
1188 86 0.7
1189 500 0.81
1190 494 3.05
1191 1660 2.38
1192 1681 2.6
1193 1877 1.32
1194 465 0.11
1195 839 2.42
1196 1504 1.34
1197 990 0.82
1198 1385 0.89
1199 532 1.24
1200 1995 0.49
1201 396 1.71
1202 5 0.56
1203 1429 0.29
1204 1620 0.49
1205 1609 1.41
1206 1893 0.22
1207 1924 1.27
1208 229 1.13
1209 803 6.31
1210 374 0.54
1211 791 0.64
1212 1686 0.87
1213 1137 4.61
1214 1054 1.76
1215 1994 2.25
1216 1957 0.62
1217 1719 1.84
1218 446 4.31
1219 241 1.11
1220 775 0.63
1221 958 2.05
1222 43 0.44
1223 905 2.26
1224 875 3.25
1225 294 0.29
1226 219 1.93
1227 1015 0.43
1228 1928 0.71
1229 1778 1.35
1230 1760 0.28
1231 1758 0.22
1232 1629 1.76
1233 578 3.36
1234 1329 1.73
1235 460 0.81
1236 1162 0.94
1237 1711 2.93
1238 1603 0.3
1239 145 0.09
1240 1104 1.61
1241 1020 2.38
1242 1236 0.04
1243 595 1.19
1244 647 0.37
1245 437 1.57
1246 871 0.87
1247 386 1.01
1248 769 2.06
1249 784 0.64
1250 363 0.21
1251 452 1.18
1252 1730 0.55
1253 804 1.53
1254 1608 0.38
1255 1940 0.22
1256 1862 0.56
1257 569 0.78
1258 1207 1.71
1259 1782 1
1260 462 2.38
1261 704 3.48
1262 1383 0.89
1263 1172 0.08
1264 1411 1.71
1265 1032 4.34
1266 1469 0.65
1267 852 3.57
1268 763 1.51
1269 1936 1.48
1270 1397 0.82
1271 248 1.46
1272 1441 0.65
1273 670 1.83
1274 1053 2.37
1275 703 0.47
1276 1759 0.55
1277 487 0.83
1278 351 0.32
1279 460 0.85
1280 1182 1.94
1281 873 1.74
1282 40 0.4
1283 1749 0.29
1284 903 1.04
1285 295 0.62
1286 368 2.27
1287 1326 1.54
1288 1009 1.93
1289 1527 1.87
1290 1733 1.87
1291 1236 0.74
1292 1197 1.17
1293 1691 1.48
1294 455 1.72
1295 301 0.83
1296 588 1.97
1297 917 0.63
1298 1402 6.79
1299 1929 0.86
1300 641 0.43
1301 817 3.46
1302 625 1
1303 1945 1.88
1304 178 3.01
1305 47 1.27
1306 1857 1.37
1307 1742 1.75
1308 529 1.65
1309 549 1.26
1310 1207 0.48
1311 1609 1.97
1312 1194 0.15
1313 1729 1.52
1314 454 0.02
1315 231 2.03
1316 183 0.87
1317 1988 1.33
1318 265 5.95
1319 171 1.35
1320 440 1.94
1321 633 1.56
1322 999 3.17
1323 1474 1.55
1324 173 0.25
1325 1461 0.49
1326 1182 0.58
1327 733 1.96
1328 1010 1.31
1329 1099 0.03
1330 159 1.64
1331 1158 0.07
1332 635 1.72
1333 1684 1.69
1334 1767 0.79
1335 422 1.6
1336 58 0.47
1337 1644 1.07
1338 1469 0.02
1339 1239 1.98
1340 769 1.65
1341 1085 0.91
1342 1494 1.35
1343 1969 1.65
1344 336 1.78
1345 233 2.39
1346 666 1.2
1347 702 1.53
1348 273 0.44
1349 704 1.31
1350 382 4.88
1351 1881 3.1
1352 377 1.04
1353 924 1.04
1354 1661 1.73
1355 477 1.61
1356 325 1.25
1357 1500 4.03
1358 670 0.04
1359 400 1.99
1360 707 2.75
1361 1325 0.41
1362 1518 0.84
1363 1679 2.26
1364 1075 3.25
1365 1490 0.33
1366 280 0.09
1367 1947 0.68
1368 1005 2.51
1369 1417 0.8
1370 665 1.74
1371 1689 0.52
1372 565 0.47
1373 1466 2.55
1374 920 2.28
1375 1503 0.13
1376 1148 0.1
1377 1777 2.24
1378 981 6.07
1379 110 0.54
1380 1067 1.85
1381 1630 1.23
1382 1160 1.6
1383 565 1.01
1384 977 0.2
1385 71 0.65
1386 758 1.03
1387 1278 0.99
1388 1380 5.36
1389 692 0.57
1390 1193 0.7
1391 436 0.85
1392 1639 2.71
1393 449 0.7
1394 1698 1.56
1395 1855 1.57
1396 236 4.67
1397 325 0.31
1398 1061 1.58
1399 418 2.16
1400 489 3.09
1401 708 1.48
1402 107 5.29
1403 1284 1.6
1404 1139 0.72
1405 1909 0.41
1406 65 1.56
1407 280 1.08
1408 1456 0.77
1409 1080 0.62
1410 1983 1.88
1411 634 0.88
1412 1668 1.71
1413 1596 1.87
1414 1775 1.17
1415 549 1.4
1416 1488 2.97
1417 517 0.45
1418 1552 0.84
1419 497 1.42
1420 1728 1.21
1421 1866 0.17
1422 363 0.28
1423 1756 3.61
1424 814 6.22
1425 397 3.33
1426 1558 5.04
1427 1990 0.68
1428 441 0.08
1429 1528 0.41
1430 1679 1.38
1431 432 0.93
1432 1054 0.45
1433 978 1.38
1434 170 3.48
1435 1254 1.5
1436 874 1.3
1437 74 0.38
1438 72 1.25
1439 1947 0.9
1440 553 1.82
1441 1500 1.36
1442 848 2.3
1443 670 2.31
1444 713 0.08
1445 783 0.77
1446 792 0.51
1447 1340 1.12
1448 1252 2.75
1449 211 1.75
1450 423 1.36
1451 810 1.65
1452 102 0.22
1453 1070 1.91
1454 1982 0.99
1455 1872 0.28
1456 992 0.86
1457 1695 1.27
1458 1491 1.33
1459 357 1.28
1460 966 4.68
1461 1405 1.07
1462 162 0.2
1463 462 1.25
1464 133 3.49
1465 1769 1.58
1466 1303 0.92
1467 692 1.43
1468 1389 1.31
1469 860 1.79
1470 1727 0.04
1471 1685 1.63
1472 1244 0.5
1473 1093 1.39
1474 1857 0.47
1475 1728 2.87
1476 1531 1.47
1477 639 1.88
1478 826 1.07
1479 791 1.45
1480 1122 1.02
1481 1139 1.07
1482 551 2.24
1483 214 5.87
1484 1901 2.28
1485 104 2.33
1486 590 2.84
1487 1985 0.84
1488 57 1.6
1489 1809 1.02
1490 244 2.39
1491 1526 1.37
1492 621 2.65
1493 534 0.98
1494 1999 0.25
1495 1858 1.82
1496 1264 3.85
1497 1726 0.06
1498 1609 1.34
1499 1341 1.47
1500 1912 1.28
1501 1248 1.56
1502 575 2.78
1503 1463 1.6
1504 369 1.77
1505 161 1.14
1506 972 0.94
1507 898 0.95
1508 155 3.73
1509 490 4.14
1510 350 2.31
1511 1857 1.88
1512 1530 2.34
1513 219 1.31
1514 21 0.72
1515 1535 2.29
1516 1181 0.72
1517 1003 2.32
1518 1672 0.26
1519 1746 1.1
1520 1800 0.2
1521 1021 0.89
1522 120 0.99
1523 60 0.48
1524 521 0.2
1525 1966 0.56
1526 1095 0.03
1527 1736 0.23
1528 1403 1.47
1529 1796 3.61
1530 1478 1.47
1531 853 0.01
1532 270 4.7
1533 1381 1.79
1534 1287 1.69
1535 1638 0.57
1536 262 1.31
1537 821 1.67
1538 441 3.15
1539 1253 0.99
1540 1633 3.81
1541 1118 0.96
1542 1856 0.82
1543 257 1.79
1544 1765 0.55
1545 1543 3.1
1546 1414 0.27
1547 1173 3.71
1548 832 0.25
1549 1040 0.58
1550 535 5.77
1551 664 1.79
1552 857 1.11
1553 33 1.58
1554 1164 1.02
1555 1451 1.67
1556 1334 1.2
1557 122 0.02
1558 1990 1.77
1559 960 2.31
1560 922 1.52
1561 1436 0.27
1562 101 2.52
1563 1592 0.8
1564 1433 0.69
1565 1987 0.53
1566 512 1.24
1567 1746 1.54
1568 294 4.5
1569 1098 1.53
1570 1394 1.23
1571 1286 0.86
1572 543 1.29
1573 1009 3.32
1574 603 0.4
1575 1759 0.24
1576 582 0.37
1577 1326 2.21
1578 1347 1.91
1579 1022 2.09
1580 282 4.57
1581 267 0.25
1582 1324 2.35
1583 1896 2.49
1584 409 2.38
1585 1397 0.85
1586 25 0.1
1587 650 1.64
1588 207 3.02
1589 1610 0.42
1590 1334 0.04
1591 1178 6.34
1592 1945 0.7
1593 967 3.04
1594 1279 1.98
1595 1793 3.56
1596 1255 0.54
1597 1860 3.4
1598 1374 0.87
1599 1182 1
1600 1720 1.41
1601 272 0.47
1602 142 1.53
1603 176 2.74
1604 191 1.21
1605 1162 0.06
1606 1876 0.27
1607 299 0.17
1608 1706 1.36
1609 1157 0.7
1610 93 0.73
1611 970 1.9
1612 1159 0.14
1613 1300 0.28
1614 1969 1.45
1615 1406 1.82
1616 822 0.49
1617 1009 0.06
1618 697 6.79
1619 1460 4.39
1620 136 0.38
1621 944 0.87
1622 1285 0.72
1623 20 0.03
1624 556 1.41
1625 407 0.59
1626 303 0.8
1627 1824 2.47
1628 1095 1.68
1629 1264 1.92
1630 505 0.5
1631 389 0.73
1632 1895 1.5
1633 749 1.3
1634 149 1.59
1635 1012 1.34
1636 986 2.56
1637 614 0.37
1638 1276 1.55
1639 1554 0.44
1640 1753 1.25
1641 272 0.4
1642 1198 6.49
1643 37 0.95
1644 1903 0.54
1645 1283 2.36
1646 268 2.51
1647 347 2.22
1648 363 1.09
1649 1084 0.12
1650 1119 1.89
1651 1473 0.04
1652 1063 0.33
1653 1398 0.14
1654 86 0.28
1655 499 1.62
1656 1686 1.08
1657 391 1.36
1658 1269 2.96
1659 1920 1.06
1660 1080 1.1
1661 1136 1.88
1662 1756 0.91
1663 227 0.42
1664 722 1.08
1665 1615 0.51
1666 1512 0.7
1667 784 1.44
1668 1455 0.27
1669 1479 1.19
1670 1787 0.83
1671 1804 3.12
1672 813 1.8
1673 1830 0.51
1674 89 3.88
1675 47 1.97
1676 778 0.25
1677 1839 1.07
1678 1438 0.72
1679 386 1.61
1680 1994 0.33
1681 1327 1.07
1682 1399 3.03
1683 1815 1.17
1684 1349 3.01
1685 1862 1.34
1686 1309 0.95
1687 1163 0.62
1688 1645 6.05
1689 1381 0.35
1690 15 2.38
1691 1506 0.64
1692 1486 2.69
1693 216 1.28
1694 1889 1.89
1695 173 1.29
1696 616 1.69
1697 624 4.62
1698 1445 0.64
1699 834 2.74
1700 642 0.7
1701 324 1.17
1702 1656 2.01
1703 58 1.73
1704 1761 0.49
1705 155 0.02
1706 229 1.28
1707 1478 2.09
1708 1969 3.14
1709 1911 6.22
1710 338 3.72
1711 1409 1.42
1712 1515 3.3
1713 1287 1.56
1714 1843 1.36
1715 1946 4.34
1716 1534 1.87
1717 222 0.31
1718 1549 1.85
1719 1250 1.62
1720 1749 0.35
1721 1838 2.92
1722 524 0.42
1723 657 3.31
1724 357 2.64
1725 350 1.43
1726 1232 0.18
1727 429 1.01
1728 1403 0.76
1729 140 0.76
1730 1951 1.29
1731 1477 0.45
1732 1765 2.3
1733 1337 1.56
1734 1415 1.88
1735 1444 0.54
1736 625 0.6
1737 258 1.43
1738 1964 3.46
1739 1691 1.26
1740 1369 0.13
1741 457 0.81
1742 447 2.24
1743 1539 0.39
1744 1972 0.1
1745 432 0.27
1746 1193 0.01
1747 1123 1.62
1748 1302 2.11
1749 571 1.06
1750 1278 0.16
1751 945 0.83
1752 1008 0.84
1753 1735 1.84
1754 866 4.81
1755 343 3.27
1756 1266 0.59
1757 1253 2.3
1758 1077 0.63
1759 1257 0.76
1760 1851 0.59
1761 829 0.86
1762 1289 2.33
1763 1383 0.42
1764 124 0.89
1765 1035 1.25
1766 332 2.87
1767 25 1.1
1768 178 1.35
1769 1124 1.88
1770 121 0.13
1771 464 0.57
1772 1653 1.29
1773 1444 5.19
1774 1559 1.29
1775 417 1.13
1776 1984 0.12
1777 625 1.53
1778 445 0.24
1779 1829 2.97
1780 976 0.95
1781 1354 1.65
1782 1447 0.21
1783 1958 0.52
1784 75 1.24
1785 1903 1.83
1786 1599 1.48
1787 1714 0.06
1788 257 0.44
1789 486 1.01
1790 321 1.81
1791 175 1.48
1792 393 2.75
1793 1889 1.31
1794 916 3.36
1795 256 0.93
1796 1566 3.49
1797 1604 3.43
1798 721 0.85
1799 1126 3.27
1800 513 0.93
1801 439 0.57
1802 147 1.61
1803 1930 0.23
1804 1653 1.58
1805 572 3.47
1806 852 2.51
1807 618 2.61
1808 18 1.7
1809 1433 0.94
1810 1178 1.77
1811 1872 0.02
1812 510 2.22
1813 1168 1.51
1814 462 3.17
1815 1311 0.94
1816 1153 2.18
1817 251 2.84
1818 1996 2.82
1819 774 0.73
1820 1759 0.23
1821 804 1.47
1822 1130 3.49
1823 687 2.29
1824 1933 0.27
1825 1446 0.27
1826 813 1.14
1827 1031 1.4
1828 1061 1.49
1829 660 0.68
1830 876 0.94
1831 804 3.32
1832 486 2.04
1833 421 1.38
1834 1853 5.94
1835 1040 0.56
1836 1063 1.2
1837 1296 3.5
1838 1704 0.38
1839 537 1.83
1840 701 0.2
1841 33 0.87
1842 643 2.24
1843 1846 0.88
1844 815 0.96
1845 1511 1.73
1846 217 0.43
1847 1429 2.98
1848 704 1.06
1849 738 3.88
1850 497 0.64
1851 1406 1.38
1852 719 1.31
1853 1129 0.39
1854 1063 3.04
1855 710 1.15
1856 334 1.45
1857 181 0.48
1858 813 1.03
1859 275 2.66
1860 911 3.01
1861 986 0.92
1862 1200 1.04
1863 428 3.38
1864 185 0.32
1865 960 1.44
1866 1935 0.25
1867 1236 0.64
1868 866 0.86
1869 1320 1.93
1870 1100 1.34
1871 169 1.76
1872 1790 0.19
1873 250 0.24
1874 175 0.11
1875 1639 1.99
1876 898 1.24
1877 1717 1.41
1878 995 0.79
1879 683 0.89
1880 1177 1.34
1881 1282 0.91
1882 447 1.77
1883 1552 0.63
1884 617 2.68
1885 178 0.12
1886 1116 1.26
1887 1452 1.72
1888 1163 7.35
1889 441 0.32
1890 1609 1.42
1891 832 1.45
1892 568 2.64
1893 393 0.2
1894 1270 0.33
1895 661 1.64
1896 1769 1.99
1897 1248 0.57
1898 1106 1.04
1899 658 0.39
1900 445 0.43
1901 1361 1.12
1902 1376 5.12
1903 960 1.84
1904 63 2.33
1905 1889 0.73
1906 144 4.1
1907 1083 1.69
1908 584 2.72
1909 1018 1.13
1910 1072 2.46
1911 462 4.26
1912 450 1.39
1913 432 0.24
1914 966 0.97
1915 1583 2.56
1916 644 1.04
1917 184 0.95
1918 195 0.79
1919 1570 0.3
1920 336 2.08
1921 949 0.01
1922 1701 1.91
1923 1362 3.93
1924 559 1.37
1925 1118 2.67
1926 1430 0.89
1927 853 0.29
1928 70 0.85
1929 1341 0.2
1930 397 0.45
1931 737 1.75
1932 311 1.15
1933 1326 1.77
1934 1599 3.67
1935 1774 0.78
1936 1401 0.39
1937 1146 1.97
1938 1341 0.8
1939 197 1.79
1940 1189 2.15
1941 1883 4.29
1942 977 0.91
1943 281 0.13
1944 985 0.64
1945 938 1.97
1946 1513 0.05
1947 660 0.71
1948 923 1.21
1949 1885 1.44
1950 580 1.86
1951 359 0.59
1952 418 1.62
1953 1916 1.87
1954 857 1.65
1955 1634 2.27
1956 855 0.52
1957 991 0.5
1958 1198 0.26
1959 1634 0.35
1960 291 1.7
1961 1072 0.75
1962 1729 2.33
1963 1808 2.42
1964 1367 1.74
1965 1737 0.16
1966 47 0.1
1967 1995 2.32
1968 1607 1.78
1969 668 0.44
1970 1230 3.99
1971 1181 1.22
1972 257 1.45
1973 569 1.81
1974 1652 0.14
1975 1874 1.02
1976 1189 1.58
1977 992 2.17
1978 1126 1.42
1979 87 1.35
1980 367 0.62
1981 233 0.57
1982 663 2.04
1983 407 1.22
1984 51 0.02
1985 1652 2.01
1986 323 2.55
1987 1272 1.73
1988 462 2.97
1989 134 0.03
1990 1527 1.73
1991 560 1.33
1992 224 2.34
1993 1471 2.98
1994 1348 0.7
1995 355 1.24
1996 1028 2.54
1997 1871 1.64
1998 203 1.26
1999 1376 0.16
2000 527 1.6
