6000
5999
2 3615 0.01
3 2406 0.01
4 5135 0.01
5 2896 0.01
6 2932 0.01
7 1714 0.01
8 1529 0.01
9 2321 0.01
10 2049 0.01
11 4997 0.01
12 2260 0.01
13 4130 0.01
14 831 0.01
15 3098 0.01
16 3156 0.01
17 4057 0.01
18 4750 0.01
19 2805 0.01
20 4412 0.01
21 2759 0.01
22 3220 0.01
23 2378 0.01
24 4131 0.01
25 3768 0.01
26 2335 0.01
27 312 0.01
28 866 0.01
29 188 0.01
30 1947 0.01
31 1990 0.01
32 4303 0.01
33 5107 0.01
34 5883 0.01
35 1621 0.01
36 2067 0.01
37 5287 0.01
38 5553 0.01
39 1597 0.01
40 68 0.01
41 3605 0.01
42 2846 0.01
43 1783 0.01
44 1805 0.01
45 4467 0.01
46 3539 0.01
47 2061 0.01
48 3554 0.01
49 5124 0.01
50 250 0.01
51 1231 0.01
52 988 0.01
53 5792 0.01
54 2783 0.01
55 4119 0.01
56 3517 0.01
57 5970 0.01
58 98 0.01
59 3606 0.01
60 5443 0.01
61 788 0.01
62 5186 0.01
63 5385 0.01
64 2760 0.01
65 4124 0.01
66 5702 0.01
67 3262 0.01
68 1023 0.01
69 2610 0.01
70 308 0.01
71 2159 0.01
72 4282 0.01
73 5303 0.01
74 2544 0.01
75 1 0.01
76 143 0.01
77 4757 0.01
78 450 0.01
79 2950 0.01
80 3634 0.01
81 645 0.01
82 1081 0.01
83 709 0.01
84 5072 0.01
85 5959 0.01
86 4190 0.01
87 3002 0.01
88 4120 0.01
89 2114 0.01
90 2939 0.01
91 1068 0.01
92 3799 0.01
93 1981 0.01
94 4970 0.01
95 5577 0.01
96 3814 0.01
97 4511 0.01
98 5007 0.01
99 3719 0.01
100 5919 0.01
101 4060 0.01
102 1401 0.01
103 3397 0.01
104 2817 0.01
105 75 0.01
106 2081 0.01
107 2647 0.01
108 3875 0.01
109 5224 0.01
110 1286 0.01
111 3000 0.01
112 578 0.01
113 4075 0.01
114 5521 0.01
115 2569 0.01
116 5281 0.01
117 1046 0.01
118 4498 0.01
119 3296 0.01
120 4864 0.01
121 4859 0.01
122 4725 0.01
123 2510 0.01
124 3309 0.01
125 4644 0.01
126 383 0.01
127 4026 0.01
128 2962 0.01
129 5217 0.01
130 3440 0.01
131 489 0.01
132 5263 0.01
133 2407 0.01
134 5306 0.01
135 2721 0.01
136 2338 0.01
137 1111 0.01
138 384 0.01
139 5923 0.01
140 5356 0.01
141 5590 0.01
142 5056 0.01
143 5002 0.01
144 4476 0.01
145 3010 0.01
146 2399 0.01
147 2604 0.01
148 1127 0.01
149 4869 0.01
150 2490 0.01
151 4465 0.01
152 411 0.01
153 2573 0.01
154 5554 0.01
155 465 0.01
156 3878 0.01
157 4595 0.01
158 1573 0.01
159 1231 0.01
160 1659 0.01
161 862 0.01
162 618 0.01
163 1945 0.01
164 3209 0.01
165 834 0.01
166 5161 0.01
167 3064 0.01
168 5976 0.01
169 4510 0.01
170 3474 0.01
171 2027 0.01
172 1997 0.01
173 5997 0.01
174 4600 0.01
175 2334 0.01
176 911 0.01
177 5702 0.01
178 4169 0.01
179 1727 0.01
180 2316 0.01
181 1601 0.01
182 5196 0.01
183 4766 0.01
184 4960 0.01
185 2139 0.01
186 5729 0.01
187 3250 0.01
188 3823 0.01
189 5698 0.01
190 2255 0.01
191 4120 0.01
192 4690 0.01
193 3 0.01
194 3950 0.01
195 5329 0.01
196 2189 0.01
197 4112 0.01
198 1956 0.01
199 2832 0.01
200 2074 0.01
201 4380 0.01
202 3463 0.01
203 316 0.01
204 4872 0.01
205 3389 0.01
206 4649 0.01
207 5729 0.01
208 1072 0.01
209 29 0.01
210 4410 0.01
211 1290 0.01
212 1149 0.01
213 3928 0.01
214 2724 0.01
215 4992 0.01
216 2099 0.01
217 2137 0.01
218 4191 0.01
219 2735 0.01
220 5431 0.01
221 2069 0.01
222 2206 0.01
223 5609 0.01
224 4103 0.01
225 518 0.01
226 2025 0.01
227 562 0.01
228 2624 0.01
229 5446 0.01
230 3747 0.01
231 2932 0.01
232 1751 0.01
233 4223 0.01
234 5944 0.01
235 2583 0.01
236 1004 0.01
237 1804 0.01
238 1489 0.01
239 3633 0.01
240 1722 0.01
241 4193 0.01
242 3664 0.01
243 3381 0.01
244 3250 0.01
245 1171 0.01
246 1157 0.01
247 921 0.01
248 4608 0.01
249 5865 0.01
250 423 0.01
251 4592 0.01
252 1938 0.01
253 4534 0.01
254 3112 0.01
255 3214 0.01
256 393 0.01
257 5938 0.01
258 5429 0.01
259 5844 0.01
260 1000 0.01
261 3610 0.01
262 4412 0.01
263 2480 0.01
264 4869 0.01
265 976 0.01
266 588 0.01
267 1495 0.01
268 2502 0.01
269 4436 0.01
270 1811 0.01
271 533 0.01
272 3463 0.01
273 5655 0.01
274 93 0.01
275 4367 0.01
276 5692 0.01
277 3879 0.01
278 5263 0.01
279 4631 0.01
280 3155 0.01
281 229 0.01
282 307 0.01
283 2820 0.01
284 168 0.01
285 3248 0.01
286 1646 0.01
287 5537 0.01
288 4191 0.01
289 4492 0.01
290 5161 0.01
291 1083 0.01
292 5425 0.01
293 5167 0.01
294 351 0.01
295 894 0.01
296 4261 0.01
297 2693 0.01
298 423 0.01
299 1395 0.01
300 4069 0.01
301 3834 0.01
302 4062 0.01
303 4492 0.01
304 4508 0.01
305 2812 0.01
306 5296 0.01
307 5002 0.01
308 2116 0.01
309 2849 0.01
310 2047 0.01
311 2518 0.01
312 736 0.01
313 2450 0.01
314 5492 0.01
315 2491 0.01
316 1597 0.01
317 1603 0.01
318 5470 0.01
319 4904 0.01
320 2809 0.01
321 4271 0.01
322 413 0.01
323 4445 0.01
324 4932 0.01
325 172 0.01
326 4414 0.01
327 2862 0.01
328 3089 0.01
329 5707 0.01
330 1395 0.01
331 4462 0.01
332 1401 0.01
333 253 0.01
334 399 0.01
335 3562 0.01
336 4320 0.01
337 5904 0.01
338 4330 0.01
339 2464 0.01
340 4483 0.01
341 255 0.01
342 4798 0.01
343 2370 0.01
344 4742 0.01
345 4655 0.01
346 1597 0.01
347 930 0.01
348 619 0.01
349 290 0.01
350 1430 0.01
351 5378 0.01
352 4129 0.01
353 3610 0.01
354 543 0.01
355 4992 0.01
356 1352 0.01
357 1219 0.01
358 1646 0.01
359 3996 0.01
360 2209 0.01
361 3731 0.01
362 1138 0.01
363 5710 0.01
364 949 0.01
365 3052 0.01
366 5441 0.01
367 1097 0.01
368 4894 0.01
369 5642 0.01
370 1603 0.01
371 5469 0.01
372 2370 0.01
373 1250 0.01
374 2179 0.01
375 1744 0.01
376 3695 0.01
377 2805 0.01
378 639 0.01
379 1270 0.01
380 1295 0.01
381 4124 0.01
382 2967 0.01
383 3073 0.01
384 1528 0.01
385 622 0.01
386 2895 0.01
387 2627 0.01
388 1490 0.01
389 3976 0.01
390 5075 0.01
391 2918 0.01
392 3170 0.01
393 4612 0.01
394 1905 0.01
395 4884 0.01
396 1493 0.01
397 2061 0.01
398 2423 0.01
399 3038 0.01
400 4458 0.01
401 4138 0.01
402 1836 0.01
403 2305 0.01
404 532 0.01
405 3342 0.01
406 1289 0.01
407 5404 0.01
408 1707 0.01
409 1705 0.01
410 5757 0.01
411 3045 0.01
412 4355 0.01
413 5779 0.01
414 4272 0.01
415 5944 0.01
416 4214 0.01
417 4851 0.01
418 3290 0.01
419 5551 0.01
420 954 0.01
421 127 0.01
422 3139 0.01
423 4924 0.01
424 5022 0.01
425 3669 0.01
426 3568 0.01
427 1583 0.01
428 3697 0.01
429 5577 0.01
430 4669 0.01
431 324 0.01
432 5056 0.01
433 3758 0.01
434 3120 0.01
435 3617 0.01
436 2624 0.01
437 207 0.01
438 459 0.01
439 2420 0.01
440 3886 0.01
441 3956 0.01
442 4527 0.01
443 1324 0.01
444 908 0.01
445 1766 0.01
446 518 0.01
447 4580 0.01
448 5882 0.01
449 5854 0.01
450 5427 0.01
451 4004 0.01
452 2937 0.01
453 3598 0.01
454 1710 0.01
455 1510 0.01
456 1934 0.01
457 976 0.01
458 2452 0.01
459 5 0.01
460 4813 0.01
461 4517 0.01
462 3270 0.01
463 1858 0.01
464 5245 0.01
465 5768 0.01
466 4220 0.01
467 1407 0.01
468 4492 0.01
469 5749 0.01
470 3336 0.01
471 3848 0.01
472 5964 0.01
473 5018 0.01
474 1944 0.01
475 4472 0.01
476 3686 0.01
477 4540 0.01
478 3818 0.01
479 3197 0.01
480 2182 0.01
481 3021 0.01
482 4798 0.01
483 192 0.01
484 4690 0.01
485 4300 0.01
486 4998 0.01
487 1149 0.01
488 5613 0.01
489 4426 0.01
490 3052 0.01
491 3109 0.01
492 4960 0.01
493 4566 0.01
494 4959 0.01
495 3853 0.01
496 5830 0.01
497 4690 0.01
498 2098 0.01
499 30 0.01
500 2012 0.01
501 2046 0.01
502 5555 0.01
503 5926 0.01
504 1040 0.01
505 2118 0.01
506 4222 0.01
507 5280 0.01
508 2330 0.01
509 1552 0.01
510 4889 0.01
511 1695 0.01
512 3135 0.01
513 3563 0.01
514 233 0.01
515 3930 0.01
516 5939 0.01
517 4009 0.01
518 5169 0.01
519 3331 0.01
520 88 0.01
521 3053 0.01
522 333 0.01
523 5756 0.01
524 2880 0.01
525 4462 0.01
526 4753 0.01
527 5601 0.01
528 4228 0.01
529 2220 0.01
530 1257 0.01
531 1438 0.01
532 5404 0.01
533 4864 0.01
534 1726 0.01
535 5882 0.01
536 5056 0.01
537 2370 0.01
538 3151 0.01
539 4467 0.01
540 1058 0.01
541 2277 0.01
542 1707 0.01
543 2206 0.01
544 3963 0.01
545 5858 0.01
546 5431 0.01
547 5186 0.01
548 1018 0.01
549 2406 0.01
550 5303 0.01
551 4380 0.01
552 490 0.01
553 3408 0.01
554 3162 0.01
555 4093 0.01
556 122 0.01
557 1343 0.01
558 4693 0.01
559 4059 0.01
560 1804 0.01
561 518 0.01
562 1997 0.01
563 3368 0.01
564 351 0.01
565 1426 0.01
566 3 0.01
567 4242 0.01
568 3277 0.01
569 4214 0.01
570 2430 0.01
571 5197 0.01
572 4865 0.01
573 244 0.01
574 65 0.01
575 4880 0.01
576 5822 0.01
577 1409 0.01
578 2604 0.01
579 4653 0.01
580 5240 0.01
581 2377 0.01
582 1922 0.01
583 4412 0.01
584 1111 0.01
585 2965 0.01
586 4434 0.01
587 5866 0.01
588 5195 0.01
589 5609 0.01
590 2069 0.01
591 1250 0.01
592 1072 0.01
593 893 0.01
594 3759 0.01
595 5145 0.01
596 2108 0.01
597 1800 0.01
598 5163 0.01
599 2141 0.01
600 3394 0.01
601 5963 0.01
602 5425 0.01
603 1510 0.01
604 3852 0.01
605 4650 0.01
606 4566 0.01
607 4362 0.01
608 5969 0.01
609 2970 0.01
610 2997 0.01
611 3169 0.01
612 1755 0.01
613 1260 0.01
614 4631 0.01
615 4685 0.01
616 5263 0.01
617 4600 0.01
618 2862 0.01
619 4496 0.01
620 3298 0.01
621 663 0.01
622 4496 0.01
623 2114 0.01
624 5471 0.01
625 866 0.01
626 5811 0.01
627 3305 0.01
628 5132 0.01
629 3809 0.01
630 5496 0.01
631 3588 0.01
632 2433 0.01
633 2265 0.01
634 4653 0.01
635 943 0.01
636 3812 0.01
637 5215 0.01
638 1271 0.01
639 2243 0.01
640 4518 0.01
641 4975 0.01
642 3478 0.01
643 3132 0.01
644 4191 0.01
645 186 0.01
646 3652 0.01
647 921 0.01
648 269 0.01
649 493 0.01
650 2458 0.01
651 5669 0.01
652 217 0.01
653 450 0.01
654 3555 0.01
655 4919 0.01
656 407 0.01
657 3398 0.01
658 4121 0.01
659 5471 0.01
660 5479 0.01
661 3082 0.01
662 1735 0.01
663 2090 0.01
664 2395 0.01
665 2904 0.01
666 270 0.01
667 77 0.01
668 3872 0.01
669 1421 0.01
670 3526 0.01
671 4657 0.01
672 186 0.01
673 221 0.01
674 1305 0.01
675 4246 0.01
676 3068 0.01
677 1287 0.01
678 5724 0.01
679 5478 0.01
680 4338 0.01
681 2087 0.01
682 4506 0.01
683 4228 0.01
684 5635 0.01
685 1958 0.01
686 572 0.01
687 4649 0.01
688 1389 0.01
689 2382 0.01
690 2482 0.01
691 1884 0.01
692 186 0.01
693 1751 0.01
694 4586 0.01
695 4482 0.01
696 1043 0.01
697 66 0.01
698 384 0.01
699 4695 0.01
700 2590 0.01
701 3381 0.01
702 973 0.01
703 4924 0.01
704 2461 0.01
705 4169 0.01
706 4428 0.01
707 5266 0.01
708 192 0.01
709 2529 0.01
710 1668 0.01
711 1644 0.01
712 2100 0.01
713 3431 0.01
714 5183 0.01
715 3968 0.01
716 1576 0.01
717 2643 0.02
718 571 0.01
719 5327 0.01
720 196 0.01
721 3102 0.01
722 3594 0.01
723 4455 0.01
724 467 0.01
725 2836 0.01
726 5766 0.01
727 2490 0.01
728 1925 0.01
729 105 0.01
730 2276 0.01
731 5197 0.01
732 599 0.01
733 4363 0.01
734 4387 0.01
735 2199 0.01
736 3073 0.01
737 5803 0.01
738 5381 0.01
739 3700 0.01
740 4428 0.01
741 2937 0.01
742 3203 0.01
743 3919 0.01
744 4329 0.01
745 4997 0.01
746 289 0.01
747 891 0.01
748 5095 0.01
749 120 0.01
750 1142 0.01
751 718 0.01
752 1128 0.01
753 2465 0.01
754 5347 0.01
755 2805 0.01
756 784 0.01
757 4869 0.01
758 1132 0.01
759 4945 0.01
760 921 0.01
761 4076 0.01
762 68 0.01
763 5853 0.01
764 4598 0.01
765 5275 0.01
766 410 0.01
767 2711 0.01
768 4222 0.01
769 5515 0.01
770 3298 0.01
771 1068 0.01
772 1603 0.01
773 399 0.01
774 3867 0.01
775 2490 0.01
776 2967 0.01
777 3968 0.01
778 5059 0.01
779 3293 0.01
780 5118 0.01
781 2154 0.01
782 3991 0.01
783 1576 0.01
784 6000 0.01
785 1145 0.01
786 3390 0.01
787 2159 0.01
788 14 0.01
789 3820 0.01
790 772 0.01
791 143 0.01
792 4864 0.01
793 5247 0.01
794 4565 0.01
795 2176 0.01
796 3175 0.01
797 4757 0.01
798 3082 0.01
799 2324 0.01
800 4149 0.01
801 2665 0.01
802 1016 0.01
803 4986 0.01
804 4547 0.01
805 3984 0.01
806 5729 0.01
807 4375 0.01
808 2770 0.01
809 178 0.01
810 3759 0.01
811 5159 0.01
812 515 0.01
813 5715 0.01
814 5836 0.01
815 3190 0.01
816 3112 0.01
817 4191 0.01
818 3658 0.01
819 3271 0.01
820 2247 0.01
821 29 0.01
822 1529 0.01
823 4959 0.01
824 3698 0.01
825 1840 0.01
826 1411 0.01
827 5343 0.01
828 4200 0.01
829 4640 0.01
830 790 0.01
831 1853 0.01
832 186 0.01
833 407 0.01
834 1811 0.01
835 3673 0.01
836 3274 0.01
837 1130 0.01
838 1088 0.01
839 3068 0.01
840 2348 0.01
841 4904 0.01
842 3387 0.01
843 4598 0.01
844 247 0.01
845 4375 0.01
846 4557 0.01
847 4378 0.01
848 894 0.01
849 3861 0.01
850 2193 0.01
851 792 0.01
852 1877 0.01
853 2210 0.01
854 1095 0.01
855 4538 0.01
856 2195 0.01
857 3089 0.01
858 985 0.02
859 3594 0.01
860 811 0.01
861 4170 0.01
862 1997 0.01
863 3954 0.01
864 5443 0.01
865 3576 0.01
866 4536 0.01
867 3567 0.01
868 5275 0.01
869 3725 0.01
870 2810 0.01
871 4586 0.01
872 3245 0.01
873 1985 0.01
874 718 0.01
875 2363 0.01
876 5005 0.01
877 5923 0.01
878 1981 0.01
879 1220 0.01
880 2643 0.01
881 4813 0.01
882 4467 0.01
883 5320 0.01
884 5135 0.01
885 1128 0.01
886 1613 0.01
887 2047 0.01
888 5441 0.01
889 2759 0.01
890 606 0.01
891 5169 0.01
892 3139 0.01
893 5622 0.01
894 1935 0.01
895 3038 0.01
896 3139 0.01
897 5600 0.01
898 3678 0.01
899 2569 0.01
900 4561 0.01
901 1138 0.01
902 3706 0.01
903 817 0.01
904 2027 0.01
905 2845 0.01
906 613 0.01
907 3202 0.01
908 3132 0.01
909 3151 0.01
910 2735 0.01
911 1613 0.01
912 5408 0.01
913 3628 0.01
914 5493 0.01
915 1387 0.01
916 3324 0.01
917 2264 0.01
918 2366 0.01
919 1076 0.01
920 2480 0.01
921 5596 0.01
922 2967 0.01
923 5666 0.01
924 5548 0.01
925 5811 0.01
926 2549 0.01
927 4926 0.01
928 29 0.01
929 3457 0.01
930 4389 0.01
931 2818 0.01
932 19 0.01
933 188 0.01
934 3929 0.01
935 3252 0.01
936 5469 0.01
937 1423 0.01
938 4496 0.01
939 5018 0.01
940 5315 0.01
941 5427 0.01
942 2896 0.01
943 1343 0.01
944 4496 0.01
945 1062 0.01
946 1895 0.01
947 594 0.01
948 5964 0.01
949 1049 0.01
950 4780 0.01
951 4326 0.01
952 3576 0.01
953 380 0.01
954 2140 0.01
955 759 0.01
956 2399 0.01
957 1409 0.01
958 1584 0.01
959 1708 0.01
960 4383 0.01
961 2453 0.01
962 5118 0.01
963 3053 0.01
964 66 0.01
965 2230 0.01
966 4192 0.01
967 5010 0.01
968 4495 0.01
969 2897 0.01
970 5055 0.01
971 4478 0.01
972 864 0.01
973 2199 0.01
974 395 0.01
975 3281 0.01
976 2915 0.01
977 1613 0.01
978 3089 0.01
979 260 0.01
980 5810 0.01
981 3964 0.01
982 1442 0.01
983 3494 0.01
984 1527 0.01
985 1165 0.01
986 2172 0.01
987 2521 0.01
988 4865 0.01
989 1820 0.01
990 1813 0.01
991 4193 0.01
992 4149 0.01
993 3965 0.01
994 2730 0.01
995 4423 0.01
996 722 0.01
997 2009 0.01
998 4300 0.01
999 4904 0.01
1000 2792 0.01
1001 5594 0.01
1002 4705 0.01
1003 533 0.01
1004 4649 0.01
1005 2368 0.01
1006 2465 0.01
1007 844 0.01
1008 1075 0.01
1009 3289 0.01
1010 2627 0.01
1011 143 0.01
1012 2816 0.01
1013 4661 0.01
1014 1521 0.01
1015 221 0.01
1016 5547 0.01
1017 186 0.01
1018 2385 0.01
1019 3052 0.01
1020 3549 0.01
1021 5078 0.01
1022 2548 0.01
1023 105 0.01
1024 3753 0.01
1025 1473 0.01
1026 426 0.01
1027 5034 0.01
1028 465 0.01
1029 1945 0.01
1030 475 0.01
1031 3817 0.01
1032 5763 0.01
1033 1707 0.01
1034 2730 0.01
1035 3734 0.01
1036 3416 0.01
1037 3397 0.01
1038 2626 0.01
1039 36 0.01
1040 3082 0.01
1041 249 0.01
1042 729 0.01
1043 4975 0.01
1044 2597 0.01
1045 2247 0.01
1046 3387 0.01
1047 448 0.01
1048 676 0.01
1049 5260 0.01
1050 5012 0.01
1051 4919 0.01
1052 3271 0.01
1053 5884 0.01
1054 3835 0.01
1055 2067 0.01
1056 5437 0.01
1057 307 0.01
1058 3005 0.01
1059 1554 0.01
1060 2785 0.01
1061 572 0.01
1062 2206 0.01
1063 4851 0.01
1064 4383 0.01
1065 459 0.01
1066 3284 0.01
1067 240 0.01
1068 2549 0.01
1069 3697 0.01
1070 3864 0.01
1071 3398 0.01
1072 4864 0.01
1073 5944 0.01
1074 3015 0.01
1075 2277 0.01
1076 1874 0.01
1077 2027 0.01
1078 3776 0.01
1079 3551 0.01
1080 1515 0.01
1081 317 0.01
1082 29 0.01
1083 5155 0.01
1084 4548 0.01
1085 4853 0.01
1086 2950 0.01
1087 3394 0.01
1088 270 0.01
1089 1476 0.01
1090 2744 0.01
1091 467 0.01
1092 1877 0.01
1093 1371 0.01
1094 1530 0.01
1095 3759 0.01
1096 5954 0.01
1097 5408 0.01
1098 2277 0.01
1099 2529 0.01
1100 4228 0.01
1101 3278 0.01
1102 891 0.01
1103 1515 0.01
1104 4877 0.01
1105 3554 0.01
1106 2258 0.01
1107 5075 0.01
1108 2896 0.01
1109 2267 0.01
1110 4974 0.01
1111 2604 0.01
1112 484 0.01
1113 2179 0.01
1114 4221 0.01
1115 4698 0.01
1116 3589 0.01
1117 1111 0.01
1118 4872 0.01
1119 4902 0.01
1120 4375 0.01
1121 5658 0.01
1122 29 0.01
1123 3431 0.01
1124 2025 0.01
1125 2036 0.01
1126 2361 0.01
1127 1828 0.01
1128 538 0.01
1129 3214 0.01
1130 4473 0.01
1131 1018 0.01
1132 5491 0.01
1133 5418 0.01
1134 490 0.01
1135 3758 0.01
1136 636 0.01
1137 4111 0.01
1138 5609 0.01
1139 4387 0.01
1140 1543 0.01
1141 4544 0.01
1142 2349 0.01
1143 4592 0.01
1144 5153 0.01
1145 1537 0.01
1146 5005 0.01
1147 380 0.01
1148 533 0.01
1149 4853 0.01
1150 2893 0.01
1151 4496 0.01
1152 2198 0.01
1153 4832 0.01
1154 98 0.01
1155 3761 0.01
1156 2082 0.01
1157 2491 0.01
1158 3155 0.01
1159 726 0.01
1160 4859 0.01
1161 3049 0.01
1162 2852 0.01
1163 5417 0.01
1164 5935 0.01
1165 1521 0.01
1166 4773 0.01
1167 4719 0.01
1168 5404 0.01
1169 2962 0.01
1170 3762 0.01
1171 1828 0.01
1172 3107 0.01
1173 1156 0.01
1174 2115 0.01
1175 5811 0.01
1176 4383 0.01
1177 5295 0.01
1178 448 0.01
1179 1975 0.01
1180 2261 0.01
1181 3115 0.01
1182 2087 0.01
1183 4706 0.01
1184 3163 0.01
1185 3984 0.01
1186 3068 0.01
1187 4211 0.01
1188 4974 0.01
1189 3170 0.01
1190 1565 0.01
1191 2744 0.01
1192 2199 0.01
1193 5429 0.01
1194 5373 0.01
1195 5844 0.01
1196 149 0.01
1197 679 0.01
1198 3136 0.01
1199 1537 0.01
1200 686 0.01
1201 2934 0.01
1202 5135 0.01
1203 3314 0.01
1204 2166 0.01
1205 1343 0.01
1206 1434 0.01
1207 4410 0.01
1208 1079 0.01
1209 749 0.01
1210 4036 0.01
1211 720 0.01
1212 252 0.01
1213 4980 0.01
1214 3576 0.01
1215 4314 0.01
1216 4416 0.01
1217 2012 0.01
1218 1805 0.01
1219 4655 0.01
1220 1072 0.01
1221 3554 0.01
1222 941 0.01
1223 2863 0.01
1224 3879 0.01
1225 4253 0.01
1226 1111 0.01
1227 2908 0.01
1228 228 0.01
1229 4608 0.01
1230 4649 0.01
1231 4924 0.01
1232 2505 0.01
1233 4314 0.01
1234 1049 0.01
1235 1914 0.01
1236 5732 0.01
1237 5555 0.01
1238 736 0.01
1239 647 0.01
1240 3179 0.01
1241 2025 0.01
1242 1183 0.01
1243 4026 0.01
1244 1784 0.01
1245 5347 0.01
1246 4923 0.01
1247 4130 0.01
1248 1529 0.01
1249 3812 0.01
1250 5441 0.01
1251 5800 0.01
1252 243 0.01
1253 5729 0.01
1254 3457 0.01
1255 4146 0.01
1256 5055 0.01
1257 1295 0.01
1258 2712 0.01
1259 3848 0.01
1260 3412 0.01
1261 4753 0.01
1262 4320 0.01
1263 3095 0.01
1264 262 0.01
1265 3082 0.01
1266 3844 0.01
1267 223 0.01
1268 3463 0.01
1269 1934 0.01
1270 2812 0.01
1271 1905 0.01
1272 3270 0.01
1273 5829 0.01
1274 2767 0.01
1275 2947 0.01
1276 4478 0.01
1277 4802 0.01
1278 1032 0.01
1279 526 0.01
1280 4891 0.01
1281 842 0.01
1282 4880 0.01
1283 250 0.01
1284 4756 0.01
1285 3589 0.01
1286 5032 0.01
1287 3089 0.01
1288 2877 0.01
1289 4776 0.01
1290 4330 0.01
1291 3957 0.01
1292 4992 0.01
1293 2735 0.01
1294 2909 0.01
1295 3151 0.01
1296 1603 0.01
1297 1315 0.01
1298 196 0.01
1299 2399 0.01
1300 3614 0.01
1301 5601 0.01
1302 3290 0.01
1303 1036 0.01
1304 3784 0.01
1305 3758 0.01
1306 407 0.01
1307 4423 0.01
1308 2873 0.01
1309 4090 0.01
1310 3848 0.01
1311 3112 0.01
1312 467 0.01
1313 5012 0.01
1314 4893 0.01
1315 2862 0.01
1316 3024 0.01
1317 1421 0.01
1318 5502 0.01
1319 105 0.01
1320 1699 0.01
1321 3065 0.01
1322 366 0.01
1323 1924 0.01
1324 4222 0.01
1325 1735 0.01
1326 4337 0.01
1327 1521 0.01
1328 1637 0.01
1329 3173 0.01
1330 3146 0.01
1331 2853 0.01
1332 5987 0.01
1333 2909 0.01
1334 5558 0.01
1335 5201 0.01
1336 5928 0.01
1337 2155 0.01
1338 891 0.01
1339 5214 0.01
1340 5073 0.01
1341 694 0.01
1342 3698 0.01
1343 5260 0.01
1344 3722 0.01
1345 2184 0.01
1346 1925 0.01
1347 2968 0.01
1348 3336 0.01
1349 2199 0.01
1350 422 0.01
1351 79 0.01
1352 3073 0.01
1353 4592 0.01
1354 2905 0.01
1355 5969 0.01
1356 155 0.01
1357 2043 0.01
1358 5496 0.01
1359 2516 0.01
1360 649 0.01
1361 1477 0.01
1362 2193 0.01
1363 2049 0.01
1364 3014 0.01
1365 3155 0.01
1366 2250 0.01
1367 1049 0.01
1368 3878 0.01
1369 4000 0.01
1370 2123 0.01
1371 2751 0.01
1372 3758 0.01
1373 1032 0.01
1374 3290 0.01
1375 2964 0.01
1376 4669 0.01
1377 2870 0.01
1378 1887 0.01
1379 3107 0.01
1380 3089 0.01
1381 2852 0.01
1382 1182 0.01
1383 3528 0.01
1384 5132 0.01
1385 155 0.01
1386 2182 0.01
1387 1202 0.01
1388 2558 0.01
1389 3697 0.01
1390 271 0.01
1391 2316 0.01
1392 3647 0.01
1393 5327 0.01
1394 3551 0.01
1395 1722 0.01
1396 2038 0.01
1397 350 0.01
1398 1139 0.01
1399 4544 0.01
1400 1476 0.01
1401 3585 0.01
1402 1382 0.01
1403 3296 0.01
1404 2122 0.01
1405 149 0.01
1406 3052 0.01
1407 2993 0.01
1408 2647 0.01
1409 4606 0.01
1410 4129 0.01
1411 3673 0.01
1412 4213 0.01
1413 1905 0.01
1414 2821 0.01
1415 5279 0.01
1416 3307 0.01
1417 1203 0.01
1418 583 0.01
1419 4598 0.01
1420 4934 0.01
1421 3132 0.01
1422 5677 0.01
1423 1148 0.01
1424 3316 0.01
1425 5972 0.01
1426 3881 0.01
1427 1793 0.01
1428 2182 0.01
1429 3872 0.01
1430 3784 0.01
1431 5425 0.01
1432 5865 0.01
1433 3549 0.01
1434 4655 0.01
1435 3928 0.01
1436 3888 0.01
1437 207 0.01
1438 3339 0.01
1439 1981 0.01
1440 3172 0.01
1441 2767 0.01
1442 5408 0.01
1443 4581 0.01
1444 2809 0.01
1445 2590 0.01
1446 222 0.01
1447 590 0.01
1448 2984 0.01
1449 223 0.01
1450 4268 0.01
1451 1985 0.01
1452 2624 0.01
1453 3058 0.01
1454 5768 0.01
1455 324 0.01
1456 1762 0.01
1457 5576 0.01
1458 1334 0.01
1459 1645 0.01
1460 2868 0.01
1461 1 0.01
1462 5299 0.01
1463 536 0.01
1464 2871 0.01
1465 4060 0.01
1466 4014 0.01
1467 1171 0.01
1468 260 0.01
1469 4220 0.01
1470 356 0.01
1471 1007 0.01
1472 1245 0.01
1473 3389 0.01
1474 4252 0.01
1475 5959 0.01
1476 11 0.01
1477 5002 0.01
1478 2877 0.01
1479 5376 0.01
1480 3603 0.01
1481 1130 0.01
1482 1913 0.01
1483 4904 0.01
1484 3278 0.01
1485 3491 0.01
1486 5148 0.01
1487 229 0.01
1488 448 0.01
1489 1947 0.01
1490 1962 0.01
1491 572 0.01
1492 936 0.01
1493 4612 0.01
1494 2529 0.01
1495 5472 0.01
1496 2152 0.01
1497 2118 0.01
1498 4186 0.01
1499 2038 0.01
1500 3770 0.01
1501 5037 0.01
1502 4669 0.01
1503 1098 0.01
1504 2711 0.01
1505 5404 0.01
1506 3854 0.01
1507 1853 0.01
1508 2722 0.01
1509 1526 0.01
1510 188 0.01
1511 1528 0.01
1512 312 0.01
1513 317 0.01
1514 2187 0.01
1515 5609 0.01
1516 3084 0.01
1517 2012 0.01
1518 3132 0.01
1519 909 0.01
1520 514 0.01
1521 5408 0.01
1522 790 0.01
1523 643 0.01
1524 223 0.01
1525 4473 0.01
1526 1072 0.01
1527 3585 0.01
1528 3881 0.01
1529 1 0.01
1530 4389 0.01
1531 1046 0.01
1532 4035 0.01
1533 2134 0.01
1534 4391 0.01
1535 5954 0.01
1536 2448 0.01
1537 3387 0.01
1538 4736 0.01
1539 3168 0.01
1540 4062 0.01
1541 4532 0.01
1542 2197 0.01
1543 1519 0.01
1544 541 0.01
1545 5806 0.01
1546 4921 0.01
1547 1947 0.01
1548 3589 0.01
1549 3113 0.01
1550 4106 0.01
1551 377 0.01
1552 5129 0.01
1553 2491 0.01
1554 1947 0.01
1555 1396 0.01
1556 1220 0.01
1557 3469 0.01
1558 3089 0.01
1559 3082 0.01
1560 2964 0.01
1561 5594 0.01
1562 1369 0.01
1563 1274 0.01
1564 944 0.01
1565 5155 0.01
1566 4009 0.01
1567 5030 0.01
1568 1690 0.01
1569 2709 0.01
1570 571 0.01
1571 4554 0.01
1572 1848 0.01
1573 1046 0.01
1574 1019 0.01
1575 4584 0.01
1576 4175 0.01
1577 2937 0.01
1578 5210 0.01
1579 1594 0.01
1580 4936 0.01
1581 300 0.01
1582 4946 0.01
1583 4043 0.01
1584 3408 0.01
1585 2707 0.01
1586 1363 0.01
1587 1165 0.01
1588 4757 0.01
1589 1879 0.01
1590 1722 0.01
1591 571 0.01
1592 4798 0.01
1593 515 0.01
1594 4387 0.01
1595 1261 0.01
1596 2832 0.01
1597 5007 0.01
1598 1573 0.01
1599 5979 0.01
1600 5566 0.01
1601 4606 0.01
1602 1544 0.01
1603 1853 0.01
1604 5796 0.01
1605 117 0.01
1606 4415 0.01
1607 3780 0.01
1608 815 0.01
1609 912 0.01
1610 2742 0.01
1611 2872 0.01
1612 3435 0.01
1613 1295 0.01
1614 2674 0.01
1615 5541 0.01
1616 3676 0.01
1617 661 0.01
1618 2530 0.01
1619 433 0.01
1620 6000 0.01
1621 884 0.01
1622 5602 0.01
1623 488 0.01
1624 2293 0.01
1625 718 0.01
1626 4427 0.01
1627 5983 0.01
1628 2027 0.01
1629 5577 0.01
1630 2784 0.01
1631 1184 0.01
1632 714 0.01
1633 4435 0.01
1634 3957 0.01
1635 3274 0.01
1636 722 0.01
1637 4669 0.01
1638 5135 0.01
1639 3213 0.01
1640 2258 0.01
1641 5925 0.01
1642 2309 0.01
1643 1887 0.01
1644 2757 0.01
1645 2043 0.01
1646 5431 0.01
1647 3541 0.01
1648 1410 0.01
1649 270 0.01
1650 1882 0.01
1651 1502 0.01
1652 5965 0.01
1653 3412 0.01
1654 3672 0.01
1655 5469 0.01
1656 4723 0.01
1657 4992 0.01
1658 2498 0.01
1659 2950 0.01
1660 5056 0.01
1661 3376 0.01
1662 2418 0.01
1663 4230 0.01
1664 173 0.01
1665 5705 0.01
1666 2381 0.01
1667 4220 0.01
1668 2804 0.01
1669 367 0.01
1670 2040 0.01
1671 4391 0.01
1672 5798 0.01
1673 5390 0.01
1674 1097 0.01
1675 2665 0.01
1676 3587 0.01
1677 5607 0.01
1678 3920 0.01
1679 4445 0.01
1680 5406 0.01
1681 3277 0.01
1682 1363 0.01
1683 985 0.01
1684 1286 0.01
1685 5543 0.01
1686 2100 0.01
1687 3563 0.01
1688 2539 0.01
1689 3296 0.01
1690 4 0.01
1691 2958 0.01
1692 1148 0.01
1693 2607 0.01
1694 834 0.01
1695 1330 0.01
1696 4695 0.01
1697 5008 0.01
1698 5010 0.01
1699 5547 0.01
1700 4782 0.01
1701 3940 0.01
1702 3295 0.01
1703 4397 0.01
1704 1207 0.01
1705 188 0.01
1706 5472 0.01
1707 2406 0.01
1708 1726 0.01
1709 1024 0.01
1710 4120 0.01
1711 5987 0.01
1712 2594 0.01
1713 2735 0.01
1714 2426 0.01
1715 5491 0.01
1716 5777 0.01
1717 5297 0.01
1718 731 0.01
1719 4708 0.01
1720 2087 0.01
1721 2804 0.01
1722 538 0.01
1723 2518 0.01
1724 270 0.01
1725 926 0.01
1726 5197 0.01
1727 2481 0.01
1728 5730 0.01
1729 3774 0.01
1730 3495 0.01
1731 29 0.01
1732 3066 0.01
1733 260 0.01
1734 3277 0.01
1735 4566 0.01
1736 393 0.01
1737 4499 0.01
1738 4129 0.01
1739 207 0.01
1740 578 0.01
1741 1097 0.01
1742 5187 0.01
1743 3948 0.01
1744 2385 0.01
1745 2042 0.01
1746 1748 0.01
1747 4496 0.01
1748 4337 0.01
1749 1499 0.01
1750 836 0.01
1751 1023 0.01
1752 365 0.01
1753 1875 0.01
1754 5969 0.01
1755 4193 0.01
1756 690 0.01
1757 307 0.01
1758 2521 0.01
1759 5669 0.01
1760 4634 0.01
1761 5976 0.01
1762 383 0.01
1763 3609 0.01
1764 5034 0.01
1765 30 0.01
1766 4997 0.01
1767 4884 0.01
1768 3439 0.01
1769 1165 0.01
1770 4498 0.01
1771 1003 0.01
1772 2964 0.01
1773 269 0.01
1774 4348 0.01
1775 1095 0.01
1776 2626 0.01
1777 2478 0.01
1778 619 0.01
1779 4557 0.01
1780 2931 0.01
1781 5747 0.01
1782 2025 0.01
1783 2896 0.01
1784 1000 0.01
1785 573 0.01
1786 2456 0.01
1787 2724 0.01
1788 1410 0.01
1789 5400 0.01
1790 5652 0.01
1791 590 0.01
1792 3412 0.01
1793 1407 0.01
1794 4176 0.01
1795 1156 0.01
1796 3834 0.01
1797 1292 0.01
1798 1128 0.01
1799 4981 0.01
1800 4492 0.01
1801 3023 0.01
1802 5524 0.01
1803 3702 0.01
1804 1722 0.01
1805 2805 0.01
1806 3238 0.01
1807 4564 0.01
1808 3463 0.01
1809 1755 0.01
1810 3344 0.01
1811 5627 0.01
1812 5756 0.01
1813 1613 0.01
1814 2248 0.01
1815 859 0.01
1816 5215 0.01
1817 3617 0.01
1818 2759 0.01
1819 5263 0.01
1820 5715 0.01
1821 788 0.01
1822 790 0.01
1823 2836 0.01
1824 2643 0.01
1825 3024 0.01
1826 679 0.01
1827 3277 0.01
1828 4864 0.01
1829 1884 0.01
1830 2252 0.01
1831 5339 0.01
1832 4212 0.01
1833 1069 0.01
1834 344 0.01
1835 3 0.01
1836 315 0.01
1837 745 0.01
1838 1534 0.01
1839 2934 0.01
1840 5613 0.01
1841 5155 0.01
1842 317 0.01
1843 2047 0.01
1844 5214 0.01
1845 5599 0.01
1846 79 0.01
1847 5330 0.01
1848 1023 0.01
1849 4776 0.01
1850 3651 0.01
1851 3533 0.01
1852 4265 0.01
1853 1 0.01
1854 4776 0.01
1855 5772 0.01
1856 3044 0.01
1857 4755 0.01
1858 2469 0.01
1859 813 0.01
1860 4520 0.01
1861 5230 0.01
1862 5260 0.01
1863 5919 0.01
1864 5710 0.01
1865 3693 0.01
1866 2567 0.01
1867 3197 0.01
1868 3852 0.01
1869 866 0.01
1870 3953 0.01
1871 1305 0.01
1872 2627 0.01
1873 3648 0.01
1874 5007 0.01
1875 3000 0.01
1876 4331 0.01
1877 3555 0.01
1878 3706 0.01
1879 59 0.01
1880 166 0.01
1881 618 0.01
1882 1793 0.01
1883 395 0.01
1884 1938 0.01
1885 5610 0.01
1886 3139 0.01
1887 4128 0.01
1888 1517 0.01
1889 1442 0.01
1890 4228 0.01
1891 4622 0.01
1892 4423 0.01
1893 5307 0.01
1894 1528 0.01
1895 5766 0.01
1896 2708 0.01
1897 477 0.01
1898 4657 0.01
1899 5409 0.01
1900 4246 0.01
1901 1090 0.01
1902 3317 0.01
1903 720 0.01
1904 3426 0.01
1905 5 0.01
1906 4911 0.01
1907 1391 0.01
1908 5333 0.01
1909 4842 0.01
1910 757 0.01
1911 2899 0.01
1912 851 0.01
1913 2876 0.01
1914 3759 0.01
1915 3270 0.01
1916 5663 0.01
1917 419 0.01
1918 5979 0.01
1919 4187 0.01
1920 3714 0.01
1921 3363 0.01
1922 2140 0.01
1923 2707 0.01
1924 4 0.01
1925 2704 0.01
1926 147 0.01
1927 5040 0.01
1928 1230 0.01
1929 5729 0.01
1930 3271 0.01
1931 5491 0.01
1932 366 0.01
1933 2916 0.01
1934 3163 0.01
1935 2896 0.01
1936 467 0.01
1937 2309 0.01
1938 5627 0.01
1939 4754 0.01
1940 4448 0.01
1941 4936 0.01
1942 82 0.01
1943 2049 0.01
1944 578 0.01
1945 2189 0.01
1946 3311 0.01
1947 1603 0.01
1948 2880 0.01
1949 3279 0.01
1950 5416 0.01
1951 3930 0.01
1952 3363 0.01
1953 2247 0.01
1954 4036 0.01
1955 5034 0.01
1956 2116 0.01
1957 4112 0.01
1958 4959 0.01
1959 2154 0.01
1960 2005 0.01
1961 4779 0.01
1962 3335 0.01
1963 4112 0.01
1964 4182 0.01
1965 2676 0.01
1966 5676 0.01
1967 2624 0.01
1968 3489 0.01
1969 5734 0.01
1970 4026 0.01
1971 3528 0.01
1972 4898 0.01
1973 5568 0.01
1974 1128 0.01
1975 2307 0.01
1976 2469 0.01
1977 5177 0.01
1978 36 0.01
1979 3223 0.01
1980 901 0.01
1981 921 0.01
1982 5118 0.01
1983 965 0.01
1984 5784 0.01
1985 1519 0.01
1986 2925 0.01
1987 3560 0.01
1988 592 0.01
1989 4566 0.01
1990 2569 0.01
1991 5280 0.01
1992 871 0.01
1993 3475 0.01
1994 3862 0.01
1995 3262 0.01
1996 493 0.01
1997 5446 0.01
1998 408 0.01
1999 1442 0.01
2000 1997 0.01
2001 11 0.01
2002 1989 0.01
2003 5400 0.01
2004 1528 0.01
2005 1257 0.01
2006 264 0.01
2007 2735 0.01
2008 3614 0.01
2009 3240 0.01
2010 1504 0.01
2011 4689 0.01
2012 5135 0.01
2013 3422 0.01
2014 147 0.01
2015 3240 0.01
2016 3489 0.01
2017 315 0.01
2018 1875 0.01
2019 4020 0.01
2020 829 0.01
2021 1148 0.01
2022 4397 0.01
2023 908 0.01
2024 5327 0.01
2025 229 0.01
2026 1782 0.01
2027 5197 0.01
2028 3175 0.01
2029 4561 0.01
2030 1838 0.01
2031 2453 0.01
2032 10 0.01
2033 833 0.01
2034 894 0.01
2035 2186 0.01
2036 1874 0.01
2037 3044 0.01
2038 2491 0.01
2039 1400 0.01
2040 426 0.01
2041 4911 0.01
2042 1705 0.01
2043 3823 0.01
2044 2828 0.01
2045 395 0.01
2046 1421 0.01
2047 1811 0.01
2048 450 0.01
2049 921 0.01
2050 594 0.01
2051 5072 0.01
2052 2805 0.01
2053 3240 0.01
2054 5118 0.01
2055 4322 0.01
2056 2301 0.01
2057 1387 0.01
2058 2404 0.01
2059 1111 0.01
2060 2960 0.01
2061 4169 0.01
2062 4287 0.01
2063 2896 0.01
2064 1503 0.01
2065 2607 0.01
2066 2140 0.01
2067 2081 0.01
2068 5240 0.01
2069 1072 0.01
2070 3387 0.01
2071 3802 0.01
2072 3694 0.01
2073 5266 0.01
2074 4007 0.01
2075 5163 0.01
2076 5906 0.01
2077 196 0.01
2078 3555 0.01
2079 5766 0.01
2080 4872 0.01
2081 3146 0.01
2082 3073 0.01
2083 3420 0.01
2084 5206 0.01
2085 4485 0.01
2086 1215 0.01
2087 5408 0.01
2088 1907 0.01
2089 1934 0.01
2090 4536 0.01
2091 3408 0.01
2092 2206 0.01
2093 3155 0.01
2094 484 0.01
2095 2836 0.01
2096 5299 0.01
2097 5470 0.01
2098 5555 0.01
2099 3568 0.01
2100 489 0.01
2101 2717 0.01
2102 4129 0.01
2103 5975 0.01
2104 2057 0.01
2105 2627 0.01
2106 4757 0.01
2107 5175 0.01
2108 3753 0.01
2109 4246 0.01
2110 5944 0.01
2111 572 0.01
2112 1008 0.01
2113 973 0.01
2114 3416 0.01
2115 1938 0.01
2116 2063 0.01
2117 432 0.01
2118 147 0.01
2119 5166 0.01
2120 3627 0.01
2121 3698 0.01
2122 2070 0.01
2123 3809 0.01
2124 5246 0.01
2125 1988 0.01
2126 4798 0.01
2127 111 0.01
2128 3350 0.01
2129 1081 0.01
2130 3647 0.01
2131 1862 0.01
2132 5134 0.01
2133 5002 0.01
2134 1367 0.01
2135 2573 0.01
2136 4430 0.01
2137 2012 0.01
2138 3675 0.01
2139 1603 0.01
2140 1108 0.01
2141 2081 0.01
2142 4586 0.01
2143 4776 0.01
2144 1552 0.01
2145 1409 0.01
2146 5222 0.01
2147 2373 0.01
2148 5184 0.01
2149 5611 0.01
2150 5441 0.01
2151 4348 0.01
2152 2779 0.01
2153 1085 0.01
2154 5 0.01
2155 5645 0.01
2156 5655 0.01
2157 901 0.01
2158 4771 0.01
2159 3526 0.01
2160 3302 0.01
2161 1727 0.01
2162 3112 0.01
2163 941 0.01
2164 3213 0.01
2165 2569 0.01
2166 5645 0.01
2167 1888 0.01
2168 1220 0.01
2169 754 0.01
2170 5470 0.01
2171 4111 0.01
2172 2544 0.01
2173 1372 0.01
2174 5600 0.01
2175 5174 0.01
2176 459 0.01
2177 4560 0.01
2178 5429 0.01
2179 4337 0.01
2180 3598 0.01
2181 3925 0.01
2182 5073 0.01
2183 3242 0.01
2184 4557 0.01
2185 713 0.01
2186 618 0.01
2187 4750 0.01
2188 4043 0.01
2189 5627 0.01
2190 2152 0.01
2191 1938 0.01
2192 1422 0.01
2193 2707 0.01
2194 4496 0.01
2195 2189 0.01
2196 2073 0.01
2197 465 0.01
2198 5763 0.01
2199 1072 0.01
2200 1091 0.01
2201 4194 0.01
2202 5339 0.01
2203 2812 0.01
2204 2206 0.01
2205 366 0.01
2206 4060 0.01
2207 909 0.01
2208 1130 0.01
2209 489 0.01
2210 5275 0.01
2211 2364 0.01
2212 1260 0.01
2213 5600 0.01
2214 4410 0.01
2215 2121 0.01
2216 661 0.01
2217 407 0.01
2218 497 0.01
2219 5613 0.01
2220 2490 0.01
2221 3077 0.01
2222 1873 0.01
2223 618 0.01
2224 229 0.01
2225 2155 0.01
2226 2945 0.01
2227 4872 0.01
2228 2139 0.01
2229 57 0.01
2230 1257 0.01
2231 3122 0.01
2232 2751 0.01
2233 1848 0.02
2234 1098 0.01
2235 2286 0.01
2236 4280 0.01
2237 4918 0.01
2238 2154 0.01
2239 4121 0.01
2240 2140 0.01
2241 2131 0.01
2242 3663 0.01
2243 1603 0.01
2244 5922 0.01
2245 345 0.01
2246 5146 0.01
2247 5729 0.01
2248 2473 0.01
2249 28 0.01
2250 2772 0.01
2251 1959 0.01
2252 3803 0.01
2253 5036 0.01
2254 1597 0.01
2255 3393 0.01
2256 3368 0.01
2257 4507 0.01
2258 4445 0.01
2259 2243 0.01
2260 3879 0.01
2261 3759 0.01
2262 4167 0.01
2263 3533 0.01
2264 4811 0.01
2265 2189 0.01
2266 4695 0.01
2267 1534 0.01
2268 729 0.01
2269 249 0.01
2270 3351 0.01
2271 1584 0.01
2272 5102 0.01
2273 548 0.01
2274 88 0.01
2275 4130 0.01
2276 4975 0.01
2277 3335 0.01
2278 4591 0.01
2279 2662 0.01
2280 3253 0.01
2281 5006 0.01
2282 4255 0.01
2283 5347 0.01
2284 5804 0.01
2285 1509 0.01
2286 5536 0.01
2287 5406 0.01
2288 3609 0.01
2289 5763 0.01
2290 2742 0.01
2291 2047 0.01
2292 1128 0.01
2293 5768 0.01
2294 5148 0.01
2295 1897 0.01
2296 5548 0.01
2297 163 0.01
2298 787 0.01
2299 3692 0.01
2300 252 0.01
2301 1613 0.01
2302 4061 0.01
2303 518 0.01
2304 3157 0.01
2305 2069 0.01
2306 2174 0.01
2307 4473 0.01
2308 4574 0.01
2309 4193 0.01
2310 1077 0.01
2311 264 0.01
2312 5233 0.01
2313 2292 0.01
2314 851 0.01
2315 1731 0.01
2316 822 0.01
2317 1349 0.01
2318 4623 0.01
2319 1842 0.01
2320 1613 0.01
2321 4811 0.01
2322 2268 0.01
2323 1851 0.01
2324 2049 0.01
2325 5147 0.01
2326 4798 0.01
2327 1230 0.01
2328 2591 0.01
2329 5593 0.01
2330 3957 0.01
2331 3063 0.01
2332 4859 0.01
2333 4492 0.01
2334 1184 0.01
2335 1157 0.01
2336 5381 0.01
2337 5355 0.01
2338 2407 0.01
2339 370 0.01
2340 2252 0.01
2341 3832 0.01
2342 1710 0.01
2343 4083 0.01
2344 308 0.01
2345 2449 0.01
2346 1526 0.01
2347 5502 0.01
2348 867 0.01
2349 5007 0.01
2350 4114 0.01
2351 1974 0.01
2352 1841 0.01
2353 3242 0.01
2354 5238 0.01
2355 4436 0.01
2356 2159 0.01
2357 1929 0.01
2358 4757 0.01
2359 351 0.01
2360 3463 0.01
2361 772 0.01
2362 1315 0.01
2363 3984 0.01
2364 562 0.01
2365 844 0.01
2366 2945 0.01
2367 5829 0.01
2368 4992 0.01
2369 4823 0.01
2370 4865 0.01
2371 5175 0.01
2372 4424 0.01
2373 307 0.01
2374 20 0.01
2375 3695 0.01
2376 3946 0.01
2377 1947 0.01
2378 5034 0.01
2379 2139 0.01
2380 572 0.01
2381 5441 0.01
2382 749 0.01
2383 4220 0.01
2384 5815 0.01
2385 3335 0.01
2386 528 0.01
2387 2779 0.01
2388 4822 0.01
2389 2762 0.01
2390 3532 0.01
2391 1043 0.01
2392 5184 0.01
2393 1108 0.01
2394 4026 0.01
2395 5443 0.01
2396 1707 0.01
2397 2540 0.01
2398 4220 0.01
2399 2199 0.01
2400 1528 0.01
2401 868 0.01
2402 3064 0.01
2403 3630 0.01
2404 5 0.01
2405 4128 0.01
2406 1248 0.01
2407 3146 0.01
2408 178 0.01
2409 5708 0.01
2410 3041 0.01
2411 4823 0.01
2412 618 0.01
2413 4638 0.01
2414 2494 0.01
2415 2220 0.01
2416 1837 0.01
2417 1015 0.01
2418 5766 0.01
2419 4348 0.01
2420 2549 0.01
2421 2643 0.01
2422 5351 0.01
2423 851 0.01
2424 4634 0.01
2425 4293 0.01
2426 3758 0.01
2427 5006 0.01
2428 4613 0.01
2429 459 0.01
2430 2043 0.01
2431 1792 0.01
2432 407 0.01
2433 3 0.01
2434 1849 0.01
2435 3551 0.01
2436 3818 0.01
2437 4237 0.01
2438 851 0.01
2439 515 0.01
2440 410 0.01
2441 2465 0.01
2442 1703 0.01
2443 3784 0.01
2444 3859 0.01
2445 4740 0.01
2446 2063 0.01
2447 1895 0.01
2448 3314 0.01
2449 5129 0.01
2450 3431 0.01
2451 1511 0.01
2452 5865 0.01
2453 2139 0.01
2454 18 0.01
2455 1130 0.01
2456 2704 0.01
2457 3930 0.01
2458 250 0.01
2459 2905 0.01
2460 1792 0.01
2461 2063 0.01
2462 4559 0.01
2463 5447 0.01
2464 4326 0.01
2465 4128 0.01
2466 5934 0.01
2467 2805 0.01
2468 3427 0.01
2469 4869 0.01
2470 3834 0.01
2471 1379 0.01
2472 419 0.01
2473 1638 0.01
2474 4653 0.01
2475 2934 0.01
2476 2069 0.01
2477 1132 0.01
2478 4223 0.01
2479 1703 0.01
2480 188 0.01
2481 538 0.01
2482 59 0.01
2483 2079 0.01
2484 1505 0.01
2485 5443 0.01
2486 1856 0.01
2487 19 0.01
2488 1086 0.01
2489 4735 0.01
2490 3073 0.01
2491 3151 0.01
2492 202 0.01
2493 3190 0.01
2494 229 0.01
2495 4508 0.01
2496 5473 0.01
2497 3576 0.01
2498 3809 0.01
2499 2034 0.01
2500 890 0.01
2501 2770 0.01
2502 1938 0.01
2503 1525 0.01
2504 1406 0.01
2505 2406 0.01
2506 4636 0.01
2507 618 0.01
2508 4640 0.01
2509 5944 0.01
2510 2154 0.01
2511 5217 0.01
2512 1597 0.01
2513 3157 0.01
2514 813 0.01
2515 1659 0.01
2516 1407 0.01
2517 448 0.01
2518 5389 0.01
2519 2748 0.01
2520 2420 0.01
2521 5243 0.01
2522 244 0.01
2523 1827 0.01
2524 1886 0.01
2525 250 0.01
2526 4863 0.01
2527 1805 0.01
2528 4326 0.01
2529 4924 0.01
2530 1465 0.01
2531 2570 0.01
2532 2759 0.01
2533 4880 0.01
2534 1147 0.01
2535 3834 0.01
2536 180 0.01
2537 933 0.01
2538 3369 0.01
2539 5251 0.01
2540 4906 0.01
2541 1018 0.01
2542 2964 0.01
2543 4323 0.01
2544 2779 0.01
2545 186 0.01
2546 2041 0.01
2547 2142 0.01
2548 2069 0.01
2549 2385 0.01
2550 2656 0.01
2551 4397 0.01
2552 2259 0.01
2553 1407 0.01
2554 5964 0.01
2555 3888 0.01
2556 561 0.01
2557 5162 0.01
2558 5478 0.01
2559 1019 0.01
2560 2809 0.01
2561 1110 0.01
2562 1965 0.01
2563 1659 0.01
2564 3494 0.01
2565 3308 0.01
2566 760 0.01
2567 2137 0.01
2568 1837 0.01
2569 5 0.01
2570 3132 0.01
2571 2122 0.01
2572 694 0.01
2573 2154 0.01
2574 324 0.01
2575 5845 0.01
2576 647 0.01
2577 1924 0.01
2578 3881 0.01
2579 3607 0.01
2580 1945 0.01
2581 1889 0.01
2582 4273 0.01
2583 3052 0.01
2584 2877 0.01
2585 4084 0.01
2586 4956 0.01
2587 1865 0.01
2588 3557 0.01
2589 133 0.01
2590 2704 0.01
2591 5954 0.01
2592 5702 0.01
2593 5410 0.01
2594 1343 0.01
2595 2624 0.01
2596 5594 0.01
2597 8 0.01
2598 2553 0.01
2599 2361 0.01
2600 3270 0.01
2601 1985 0.01
2602 1263 0.01
2603 2273 0.01
2604 2896 0.01
2605 371 0.01
2606 3930 0.01
2607 2481 0.01
2608 2840 0.01
2609 4754 0.01
2610 1519 0.01
2611 4008 0.01
2612 3394 0.01
2613 4867 0.01
2614 2453 0.01
2615 4472 0.01
2616 857 0.01
2617 537 0.01
2618 1848 0.01
2619 1499 0.01
2620 4103 0.01
2621 4252 0.01
2622 4860 0.01
2623 5600 0.01
2624 942 0.01
2625 2737 0.01
2626 3567 0.01
2627 1202 0.01
2628 3925 0.01
2629 460 0.01
2630 4554 0.01
2631 5147 0.01
2632 2702 0.01
2633 2704 0.01
2634 4209 0.01
2635 5389 0.01
2636 4708 0.01
2637 3806 0.01
2638 3577 0.01
2639 3418 0.01
2640 3293 0.01
2641 5814 0.01
2642 1922 0.01
2643 1947 0.01
2644 2516 0.01
2645 5568 0.01
2646 206 0.01
2647 2895 0.01
2648 1742 0.01
2649 5538 0.01
2650 598 0.01
2651 4914 0.01
2652 3203 0.01
2653 2715 0.01
2654 5100 0.01
2655 1111 0.01
2656 1217 0.01
2657 1374 0.01
2658 3255 0.01
2659 5327 0.01
2660 3203 0.01
2661 2817 0.01
2662 4865 0.01
2663 3698 0.01
2664 336 0.01
2665 1874 0.01
2666 684 0.01
2667 5575 0.01
2668 1437 0.01
2669 4951 0.01
2670 5791 0.01
2671 4445 0.01
2672 2191 0.01
2673 3240 0.01
2674 3555 0.01
2675 1929 0.01
2676 5536 0.01
2677 4117 0.01
2678 1720 0.01
2679 1997 0.01
2680 2476 0.01
2681 2418 0.01
2682 2573 0.01
2683 2174 0.01
2684 2575 0.01
2685 4496 0.01
2686 493 0.01
2687 2922 0.01
2688 4638 0.01
2689 3203 0.01
2690 1099 0.01
2691 5743 0.01
2692 2711 0.01
2693 1519 0.01
2694 589 0.01
2695 1763 0.01
2696 4858 0.01
2697 5405 0.01
2698 5536 0.01
2699 3335 0.01
2700 2528 0.01
2701 868 0.01
2702 1947 0.01
2703 4130 0.01
2704 3163 0.01
2705 571 0.01
2706 3302 0.01
2707 3568 0.01
2708 1877 0.01
2709 188 0.01
2710 5806 0.01
2711 5715 0.01
2712 2207 0.01
2713 3834 0.01
2714 4894 0.01
2715 5779 0.01
2716 202 0.01
2717 4214 0.01
2718 1981 0.01
2719 3471 0.01
2720 4300 0.01
2721 4638 0.01
2722 3234 0.01
2723 4720 0.01
2724 2189 0.01
2725 3447 0.01
2726 22 0.01
2727 4665 0.01
2728 4592 0.01
2729 2858 0.01
2730 5836 0.01
2731 2749 0.01
2732 264 0.01
2733 3940 0.01
2734 2005 0.01
2735 14 0.01
2736 5140 0.01
2737 4169 0.01
2738 1829 0.01
2739 2047 0.01
2740 3878 0.01
2741 3213 0.01
2742 2063 0.01
2743 3699 0.01
2744 1128 0.01
2745 2839 0.01
2746 543 0.01
2747 4729 0.01
2748 1023 0.01
2749 3585 0.01
2750 4479 0.01
2751 1935 0.01
2752 1171 0.01
2753 4069 0.01
2754 2880 0.01
2755 4951 0.01
2756 5470 0.01
2757 5431 0.01
2758 300 0.01
2759 1023 0.01
2760 5010 0.01
2761 5323 0.01
2762 1528 0.01
2763 2918 0.01
2764 2069 0.01
2765 5628 0.01
2766 2056 0.01
2767 909 0.01
2768 4116 0.01
2769 4031 0.01
2770 2597 0.01
2771 3398 0.01
2772 5970 0.01
2773 1695 0.01
2774 3074 0.01
2775 1877 0.01
2776 639 0.01
2777 147 0.01
2778 1858 0.01
2779 1828 0.01
2780 2749 0.01
2781 3 0.01
2782 2061 0.01
2783 2316 0.01
2784 1726 0.01
2785 895 0.01
2786 2433 0.01
2787 4389 0.01
2788 2421 0.01
2789 270 0.01
2790 5390 0.01
2791 4911 0.01
2792 5627 0.01
2793 1450 0.01
2794 4893 0.01
2795 4532 0.01
2796 185 0.01
2797 5548 0.01
2798 223 0.01
2799 4561 0.01
2800 3661 0.01
2801 475 0.01
2802 3077 0.01
2803 429 0.01
2804 5609 0.01
2805 8 0.01
2806 3655 0.01
2807 5575 0.01
2808 1534 0.01
2809 6000 0.01
2810 4000 0.01
2811 4672 0.01
2812 1947 0.01
2813 3294 0.01
2814 5378 0.01
2815 3238 0.01
2816 834 0.01
2817 3881 0.01
2818 3697 0.01
2819 1842 0.01
2820 2207 0.01
2821 3809 0.01
2822 1525 0.01
2823 757 0.01
2824 2393 0.01
2825 2307 0.01
2826 1044 0.01
2827 2558 0.01
2828 247 0.01
2829 4798 0.01
2830 4716 0.01
2831 2624 0.01
2832 5012 0.01
2833 909 0.01
2834 4026 0.01
2835 2099 0.01
2836 327 0.01
2837 5080 0.01
2838 2258 0.01
2839 5997 0.01
2840 3246 0.01
2841 252 0.01
2842 3170 0.01
2843 867 0.01
2844 1330 0.01
2845 1751 0.01
2846 3431 0.01
2847 2950 0.01
2848 3274 0.01
2849 3107 0.01
2850 5443 0.01
2851 1842 0.01
2852 3107 0.01
2853 5362 0.01
2854 1049 0.01
2855 2264 0.01
2856 5490 0.01
2857 4169 0.01
2858 3526 0.01
2859 2069 0.01
2860 4145 0.01
2861 2000 0.01
2862 105 0.01
2863 3567 0.01
2864 171 0.01
2865 351 0.01
2866 1518 0.01
2867 4894 0.01
2868 757 0.01
2869 323 0.01
2870 423 0.01
2871 1613 0.01
2872 1645 0.01
2873 4893 0.01
2874 1924 0.01
2875 3053 0.01
2876 14 0.01
2877 4975 0.01
2878 4557 0.01
2879 4601 0.01
2880 921 0.01
2881 2091 0.01
2882 298 0.01
2883 3719 0.01
2884 5310 0.01
2885 475 0.01
2886 4216 0.01
2887 1515 0.01
2888 2934 0.01
2889 3418 0.01
2890 1449 0.01
2891 1438 0.01
2892 1926 0.01
2893 2897 0.01
2894 2243 0.01
2895 942 0.01
2896 75 0.01
2897 5478 0.01
2898 2404 0.01
2899 4540 0.01
2900 2483 0.01
2901 2223 0.01
2902 618 0.01
2903 831 0.01
2904 4557 0.01
2905 4853 0.01
2906 1537 0.01
2907 5677 0.01
2908 988 0.01
2909 5163 0.01
2910 5787 0.01
2911 1987 0.01
2912 1609 0.01
2913 2195 0.01
2914 2458 0.01
2915 1248 0.01
2916 2226 0.01
2917 1740 0.01
2918 2243 0.01
2919 5009 0.01
2920 5898 0.01
2921 3089 0.01
2922 4902 0.01
2923 131 0.01
2924 3272 0.01
2925 4330 0.01
2926 2996 0.01
2927 5405 0.01
2928 760 0.01
2929 2338 0.01
2930 757 0.01
2931 1783 0.01
2932 3792 0.01
2933 4936 0.01
2934 4753 0.01
2935 4290 0.01
2936 592 0.01
2937 4473 0.01
2938 381 0.01
2939 5590 0.01
2940 5441 0.01
2941 2502 0.01
2942 4592 0.01
2943 3259 0.01
2944 4397 0.01
2945 2385 0.01
2946 1450 0.01
2947 3408 0.01
2948 851 0.01
2949 4598 0.01
2950 2993 0.01
2951 3479 0.01
2952 1924 0.01
2953 3569 0.01
2954 3056 0.01
2955 298 0.01
2956 3759 0.01
2957 2532 0.01
2958 3697 0.01
2959 2874 0.01
2960 5243 0.01
2961 140 0.01
2962 1828 0.01
2963 2751 0.01
2964 5220 0.01
2965 5609 0.01
2966 3426 0.01
2967 4389 0.01
2968 4129 0.01
2969 188 0.01
2970 3381 0.01
2971 2229 0.01
2972 2334 0.01
2973 371 0.01
2974 532 0.01
2975 5360 0.01
2976 3697 0.01
2977 4694 0.01
2978 5144 0.01
2979 4309 0.01
2980 3223 0.01
2981 5245 0.01
2982 2962 0.01
2983 1257 0.01
2984 4445 0.01
2985 3155 0.01
2986 5007 0.01
2987 1422 0.01
2988 3333 0.01
2989 2268 0.01
2990 1027 0.01
2991 5395 0.01
2992 5872 0.01
2993 1529 0.01
2994 5565 0.01
2995 4757 0.01
2996 5032 0.01
2997 583 0.01
2998 3671 0.01
2999 4104 0.01
3000 909 0.01
3001 1273 0.01
3002 3077 0.01
3003 2027 0.01
3004 252 0.01
3005 4 0.01
3006 3165 0.01
3007 3698 0.01
3008 126 0.01
3009 229 0.01
3010 5469 0.01
3011 5949 0.01
3012 2968 0.01
3013 1442 0.01
3014 2712 0.01
3015 2880 0.01
3016 3935 0.01
3017 4353 0.01
3018 3389 0.01
3019 2332 0.01
3020 2570 0.01
3021 3284 0.01
3022 1956 0.01
3023 101 0.01
3024 1553 0.01
3025 232 0.01
3026 320 0.01
3027 5907 0.01
3028 1044 0.01
3029 2907 0.01
3030 2873 0.01
3031 1352 0.01
3032 1077 0.01
3033 1529 0.01
3034 2930 0.01
3035 4410 0.01
3036 3641 0.01
3037 4800 0.01
3038 1603 0.01
3039 1395 0.01
3040 4279 0.01
3041 370 0.01
3042 3554 0.01
3043 2490 0.01
3044 5470 0.01
3045 3163 0.01
3046 4176 0.01
3047 3253 0.01
3048 4773 0.01
3049 2087 0.01
3050 3690 0.01
3051 1369 0.01
3052 942 0.01
3053 5220 0.01
3054 336 0.01
3055 3543 0.01
3056 4436 0.01
3057 3886 0.01
3058 1726 0.01
3059 586 0.01
3060 1311 0.01
3061 5161 0.01
3062 2878 0.01
3063 5854 0.01
3064 3290 0.01
3065 5032 0.01
3066 262 0.01
3067 5652 0.01
3068 1507 0.01
3069 731 0.01
3070 4936 0.01
3071 5759 0.01
3072 5553 0.01
3073 5627 0.01
3074 5702 0.01
3075 3642 0.01
3076 1723 0.01
3077 1947 0.01
3078 5768 0.01
3079 4041 0.01
3080 1245 0.01
3081 1248 0.01
3082 942 0.01
3083 4067 0.01
3084 2662 0.01
3085 4048 0.01
3086 5975 0.01
3087 589 0.01
3088 4396 0.01
3089 4120 0.01
3090 5378 0.01
3091 643 0.01
3092 4041 0.01
3093 3422 0.01
3094 4129 0.01
3095 2915 0.01
3096 4241 0.01
3097 4207 0.01
3098 4268 0.01
3099 4295 0.01
3100 4880 0.01
3101 323 0.01
3102 3784 0.01
3103 3607 0.01
3104 1477 0.01
3105 2256 0.01
3106 2133 0.01
3107 3033 0.01
3108 5010 0.01
3109 3139 0.01
3110 2131 0.01
3111 3277 0.01
3112 4534 0.01
3113 2805 0.01
3114 3997 0.01
3115 3235 0.01
3116 663 0.01
3117 1884 0.01
3118 2724 0.01
3119 1601 0.01
3120 1231 0.01
3121 166 0.01
3122 4000 0.01
3123 4495 0.01
3124 2948 0.01
3125 5972 0.01
3126 1459 0.01
3127 1289 0.01
3128 2164 0.01
3129 5238 0.01
3130 475 0.02
3131 3084 0.01
3132 1507 0.01
3133 4564 0.01
3134 638 0.01
3135 3045 0.01
3136 4689 0.01
3137 4537 0.01
3138 1621 0.01
3139 4997 0.01
3140 5136 0.01
3141 1710 0.01
3142 2626 0.01
3143 3865 0.01
3144 1820 0.01
3145 3848 0.01
3146 1461 0.01
3147 3372 0.01
3148 4126 0.01
3149 1409 0.01
3150 3893 0.01
3151 1 0.01
3152 2154 0.01
3153 5036 0.01
3154 5129 0.01
3155 4000 0.01
3156 2846 0.01
3157 4412 0.01
3158 879 0.01
3159 2231 0.01
3160 4337 0.01
3161 3203 0.01
3162 2947 0.01
3163 2896 0.01
3164 1877 0.01
3165 5963 0.01
3166 1157 0.01
3167 4760 0.01
3168 1128 0.01
3169 1854 0.01
3170 2338 0.01
3171 2859 0.01
3172 4034 0.01
3173 4407 0.01
3174 4827 0.01
3175 3045 0.01
3176 3180 0.01
3177 5353 0.01
3178 2265 0.01
3179 3594 0.01
3180 5654 0.01
3181 3757 0.01
3182 3879 0.01
3183 3381 0.01
3184 594 0.01
3185 5007 0.02
3186 3044 0.01
3187 4129 0.01
3188 4310 0.01
3189 1363 0.01
3190 3568 0.01
3191 1290 0.01
3192 2276 0.01
3193 293 0.01
3194 4793 0.01
3195 3966 0.01
3196 2688 0.01
3197 4268 0.01
3198 2205 0.01
3199 3673 0.01
3200 1111 0.01
3201 4235 0.01
3202 736 0.01
3203 3389 0.01
3204 2059 0.01
3205 2490 0.01
3206 2969 0.01
3207 1042 0.01
3208 1476 0.01
3209 2770 0.01
3210 1209 0.01
3211 5347 0.01
3212 722 0.01
3213 5779 0.01
3214 4668 0.01
3215 1421 0.01
3216 1878 0.01
3217 252 0.01
3218 117 0.01
3219 3809 0.01
3220 4997 0.01
3221 1467 0.01
3222 2969 0.01
3223 1127 0.01
3224 1220 0.02
3225 5583 0.01
3226 1302 0.01
3227 3234 0.01
3228 1705 0.01
3229 2210 0.01
3230 1624 0.01
3231 4992 0.01
3232 4796 0.01
3233 2553 0.01
3234 4753 0.01
3235 1044 0.01
3236 1036 0.01
3237 2496 0.01
3238 3697 0.01
3239 3469 0.01
3240 4690 0.01
3241 4767 0.01
3242 5888 0.01
3243 2476 0.01
3244 5928 0.01
3245 3810 0.01
3246 2043 0.01
3247 5399 0.01
3248 4041 0.01
3249 186 0.01
3250 2063 0.01
3251 370 0.01
3252 3854 0.01
3253 2206 0.01
3254 51 0.01
3255 2767 0.01
3256 5822 0.01
3257 3792 0.01
3258 3764 0.01
3259 1707 0.01
3260 5690 0.01
3261 3376 0.01
3262 317 0.01
3263 1634 0.01
3264 2465 0.01
3265 2116 0.01
3266 3554 0.01
3267 3671 0.01
3268 4880 0.01
3269 3136 0.01
3270 101 0.01
3271 4214 0.01
3272 1766 0.01
3273 2292 0.01
3274 1603 0.01
3275 1924 0.01
3276 4649 0.01
3277 3132 0.01
3278 5034 0.01
3279 324 0.01
3280 2702 0.01
3281 884 0.01
3282 4414 0.01
3283 3390 0.01
3284 1507 0.01
3285 5144 0.01
3286 2677 0.01
3287 166 0.01
3288 4289 0.01
3289 5243 0.01
3290 5 0.01
3291 2986 0.01
3292 5058 0.01
3293 4473 0.01
3294 1997 0.01
3295 4853 0.01
3296 2805 0.01
3297 2406 0.01
3298 2529 0.01
3299 5954 0.01
3300 2783 0.01
3301 1776 0.01
3302 5553 0.01
3303 4871 0.01
3304 1349 0.01
3305 223 0.01
3306 1478 0.01
3307 4407 0.01
3308 3013 0.01
3309 5441 0.01
3310 4906 0.01
3311 3321 0.01
3312 30 0.01
3313 572 0.01
3314 2385 0.01
3315 246 0.01
3316 2207 0.01
3317 3214 0.01
3318 3108 0.01
3319 5046 0.01
3320 1290 0.01
3321 4865 0.01
3322 5287 0.01
3323 2307 0.01
3324 1515 0.01
3325 4048 0.01
3326 1489 0.01
3327 3274 0.01
3328 2073 0.01
3329 4070 0.01
3330 2709 0.01
3331 4088 0.01
3332 5771 0.01
3333 1319 0.01
3334 271 0.01
3335 1 0.01
3336 5524 0.01
3337 1771 0.01
3338 304 0.01
3339 3284 0.01
3340 100 0.01
3341 4811 0.01
3342 5577 0.01
3343 1110 0.01
3344 4196 0.01
3345 4288 0.01
3346 2770 0.01
3347 2682 0.01
3348 1441 0.01
3349 2723 0.01
3350 4853 0.01
3351 3594 0.01
3352 3554 0.01
3353 4299 0.01
3354 2529 0.01
3355 3588 0.01
3356 3295 0.01
3357 5425 0.01
3358 4756 0.01
3359 881 0.01
3360 962 0.01
3361 3190 0.01
3362 2377 0.01
3363 3368 0.01
3364 2772 0.01
3365 5129 0.01
3366 590 0.01
3367 4992 0.01
3368 1603 0.01
3369 4108 0.01
3370 2578 0.01
3371 3293 0.01
3372 1537 0.01
3373 3010 0.01
3374 367 0.01
3375 3557 0.01
3376 618 0.01
3377 191 0.01
3378 2123 0.01
3379 5217 0.01
3380 1123 0.01
3381 1811 0.01
3382 943 0.01
3383 2005 0.01
3384 5240 0.01
3385 3255 0.01
3386 2814 0.01
3387 3146 0.01
3388 4666 0.01
3389 2699 0.01
3390 4655 0.01
3391 1585 0.01
3392 3600 0.01
3393 3132 0.01
3394 5574 0.01
3395 5116 0.01
3396 5979 0.01
3397 5329 0.01
3398 2370 0.01
3399 3628 0.01
3400 5698 0.01
3401 767 0.01
3402 4970 0.01
3403 5425 0.01
3404 2108 0.01
3405 383 0.01
3406 792 0.01
3407 5795 0.01
3408 5135 0.01
3409 5554 0.01
3410 3077 0.01
3411 133 0.01
3412 5646 0.01
3413 1135 0.01
3414 668 0.01
3415 709 0.01
3416 5007 0.01
3417 2476 0.01
3418 5677 0.01
3419 3799 0.01
3420 2490 0.01
3421 752 0.01
3422 5987 0.01
3423 5345 0.01
3424 1217 0.01
3425 4900 0.01
3426 1526 0.01
3427 3284 0.01
3428 1509 0.01
3429 951 0.01
3430 2933 0.01
3431 1603 0.01
3432 2005 0.01
3433 4193 0.01
3434 3389 0.01
3435 2744 0.01
3436 1869 0.01
3437 438 0.01
3438 5692 0.01
3439 4592 0.01
3440 5220 0.01
3441 3427 0.01
3442 3162 0.01
3443 1502 0.01
3444 40 0.01
3445 1132 0.01
3446 5345 0.01
3447 264 0.01
3448 5669 0.01
3449 5146 0.01
3450 5760 0.01
3451 3541 0.01
3452 2025 0.01
3453 383 0.01
3454 1182 0.01
3455 3671 0.01
3456 1000 0.01
3457 2903 0.01
3458 4496 0.01
3459 2006 0.01
3460 1130 0.01
3461 4513 0.01
3462 4220 0.01
3463 1108 0.01
3464 3875 0.01
3465 1313 0.01
3466 4222 0.01
3467 5075 0.01
3468 3069 0.01
3469 2817 0.01
3470 1291 0.01
3471 5763 0.01
3472 3307 0.01
3473 978 0.01
3474 1638 0.01
3475 3636 0.01
3476 4182 0.01
3477 4909 0.01
3478 4592 0.01
3479 2165 0.01
3480 4322 0.01
3481 3802 0.01
3482 1389 0.01
3483 2877 0.01
3484 2320 0.01
3485 3563 0.01
3486 5830 0.01
3487 2887 0.01
3488 5686 0.01
3489 1947 0.01
3490 4320 0.01
3491 1798 0.01
3492 735 0.01
3493 4034 0.01
3494 3803 0.01
3495 5030 0.01
3496 5072 0.01
3497 4584 0.01
3498 589 0.01
3499 155 0.01
3500 3856 0.01
3501 1232 0.01
3502 3242 0.01
3503 5129 0.01
3504 5718 0.01
3505 1716 0.01
3506 5477 0.01
3507 4120 0.01
3508 4586 0.01
3509 4682 0.01
3510 449 0.01
3511 4415 0.01
3512 3234 0.01
3513 5983 0.01
3514 3190 0.01
3515 3675 0.01
3516 2070 0.01
3517 423 0.01
3518 1062 0.01
3519 2433 0.01
3520 1945 0.01
3521 1469 0.01
3522 867 0.01
3523 5886 0.01
3524 3272 0.01
3525 5884 0.01
3526 909 0.01
3527 5287 0.01
3528 5405 0.01
3529 5711 0.01
3530 2754 0.01
3531 4980 0.01
3532 4397 0.01
3533 772 0.01
3534 3647 0.01
3535 5795 0.01
3536 2141 0.01
3537 5664 0.01
3538 5167 0.01
3539 1168 0.01
3540 2868 0.01
3541 5030 0.01
3542 1490 0.01
3543 3861 0.01
3544 1590 0.01
3545 2643 0.01
3546 1079 0.01
3547 10 0.01
3548 2530 0.01
3549 1168 0.01
3550 2567 0.01
3551 3073 0.01
3552 5030 0.01
3553 933 0.01
3554 4445 0.01
3555 1603 0.01
3556 3023 0.01
3557 395 0.01
3558 3316 0.01
3559 5988 0.01
3560 3864 0.01
3561 304 0.01
3562 2069 0.01
3563 2805 0.01
3564 933 0.01
3565 4232 0.01
3566 5160 0.01
3567 5135 0.01
3568 5627 0.01
3569 2965 0.01
3570 5144 0.01
3571 4520 0.01
3572 4057 0.01
3573 4473 0.01
3574 1620 0.01
3575 2671 0.01
3576 423 0.01
3577 557 0.01
3578 5574 0.01
3579 5058 0.01
3580 5731 0.01
3581 2473 0.01
3582 3253 0.01
3583 5606 0.01
3584 4767 0.01
3585 1023 0.01
3586 4026 0.01
3587 1818 0.01
3588 2604 0.01
3589 1049 0.01
3590 3296 0.01
3591 1047 0.01
3592 5345 0.01
3593 262 0.01
3594 1828 0.01
3595 4936 0.01
3596 4434 0.01
3597 3246 0.01
3598 4932 0.01
3599 5655 0.01
3600 4974 0.01
3601 5815 0.01
3602 2449 0.01
3603 851 0.01
3604 565 0.01
3605 43 0.01
3606 75 0.01
3607 1231 0.01
3608 5900 0.01
3609 1722 0.01
3610 3408 0.01
3611 2930 0.01
3612 1530 0.01
3613 1208 0.01
3614 4369 0.01
3615 2418 0.01
3616 4911 0.01
3617 5538 0.01
3618 5590 0.01
3619 1080 0.01
3620 2197 0.01
3621 4481 0.01
3622 5425 0.01
3623 3274 0.01
3624 2618 0.01
3625 681 0.01
3626 270 0.01
3627 1257 0.01
3628 1296 0.01
3629 4547 0.01
3630 5521 0.01
3631 3690 0.01
3632 4539 0.01
3633 1352 0.01
3634 5928 0.01
3635 4513 0.01
3636 3610 0.01
3637 4382 0.01
3638 3919 0.01
3639 1275 0.01
3640 5538 0.01
3641 2393 0.01
3642 578 0.01
3643 788 0.01
3644 4391 0.01
3645 1075 0.01
3646 3351 0.01
3647 4853 0.01
3648 1528 0.01
3649 5829 0.01
3650 5666 0.01
3651 5018 0.01
3652 4348 0.01
3653 4668 0.01
3654 496 0.01
3655 2070 0.01
3656 2159 0.01
3657 1233 0.01
3658 3132 0.01
3659 4893 0.01
3660 4255 0.01
3661 4811 0.01
3662 3298 0.01
3663 5032 0.01
3664 4175 0.01
3665 2659 0.01
3666 408 0.01
3667 4008 0.01
3668 1409 0.01
3669 5129 0.01
3670 4586 0.01
3671 3284 0.01
3672 2903 0.01
3673 4060 0.01
3674 5398 0.01
3675 1367 0.01
3676 4120 0.01
3677 1396 0.01
3678 5478 0.01
3679 5410 0.01
3680 5826 0.01
3681 1409 0.01
3682 3914 0.01
3683 4773 0.01
3684 4631 0.01
3685 4410 0.01
3686 3389 0.01
3687 5406 0.01
3688 2461 0.01
3689 977 0.01
3690 3112 0.01
3691 3376 0.01
3692 2027 0.01
3693 3568 0.01
3694 2704 0.01
3695 4219 0.01
3696 5918 0.01
3697 1072 0.01
3698 1722 0.01
3699 4865 0.01
3700 264 0.01
3701 2517 0.01
3702 5238 0.01
3703 3922 0.01
3704 497 0.01
3705 1943 0.01
3706 5408 0.01
3707 4742 0.01
3708 5690 0.01
3709 206 0.01
3710 926 0.01
3711 5356 0.01
3712 1390 0.01
3713 68 0.01
3714 4880 0.01
3715 2965 0.01
3716 2756 0.01
3717 784 0.01
3718 4566 0.01
3719 11 0.01
3720 4212 0.01
3721 3552 0.01
3722 5376 0.01
3723 1423 0.01
3724 4911 0.01
3725 2967 0.01
3726 1805 0.01
3727 846 0.01
3728 2264 0.01
3729 803 0.01
3730 141 0.01
3731 4880 0.01
3732 272 0.01
3733 4473 0.01
3734 5865 0.01
3735 5023 0.01
3736 4132 0.01
3737 281 0.01
3738 3984 0.01
3739 5760 0.01
3740 784 0.01
3741 484 0.01
3742 5826 0.01
3743 1133 0.01
3744 2141 0.01
3745 3642 0.01
3746 1707 0.01
3747 3290 0.01
3748 3294 0.01
3749 4363 0.01
3750 5096 0.01
3751 1465 0.01
3752 4626 0.01
3753 5002 0.01
3754 2902 0.01
3755 927 0.01
3756 3078 0.01
3757 1184 0.01
3758 2491 0.01
3759 4534 0.01
3760 327 0.01
3761 4631 0.01
3762 5431 0.01
3763 1938 0.01
3764 317 0.01
3765 933 0.01
3766 601 0.01
3767 3820 0.01
3768 2099 0.01
3769 2047 0.01
3770 4383 0.01
3771 3298 0.01
3772 101 0.01
3773 3906 0.01
3774 4223 0.01
3775 1517 0.01
3776 2931 0.01
3777 562 0.01
3778 1085 0.01
3779 2067 0.01
3780 5613 0.01
3781 246 0.01
3782 5806 0.01
3783 5428 0.01
3784 5 0.01
3785 5811 0.01
3786 2947 0.01
3787 1391 0.01
3788 465 0.01
3789 4608 0.01
3790 5964 0.01
3791 2674 0.01
3792 5408 0.01
3793 2450 0.01
3794 2702 0.01
3795 5056 0.01
3796 943 0.01
3797 4802 0.01
3798 2569 0.01
3799 3277 0.01
3800 2305 0.01
3801 1513 0.01
3802 1905 0.01
3803 3921 0.01
3804 4668 0.01
3805 3390 0.01
3806 4689 0.01
3807 5939 0.01
3808 4121 0.01
3809 4776 0.01
3810 813 0.01
3811 5240 0.01
3812 4228 0.01
3813 5362 0.01
3814 5766 0.01
3815 3918 0.01
3816 3307 0.01
3817 2779 0.01
3818 1766 0.01
3819 1705 0.01
3820 4508 0.01
3821 4476 0.01
3822 2804 0.01
3823 1853 0.01
3824 156 0.01
3825 5183 0.01
3826 4458 0.01
3827 962 0.01
3828 2844 0.01
3829 5002 0.01
3830 4620 0.01
3831 2438 0.01
3832 3854 0.01
3833 2737 0.01
3834 3881 0.01
3835 5547 0.01
3836 2423 0.01
3837 1609 0.01
3838 4282 0.01
3839 2290 0.01
3840 1432 0.01
3841 3173 0.01
3842 5132 0.01
3843 5378 0.01
3844 4252 0.01
3845 345 0.01
3846 1601 0.01
3847 756 0.01
3848 3284 0.01
3849 1720 0.01
3850 3835 0.01
3851 5912 0.01
3852 4932 0.01
3853 1044 0.01
3854 4997 0.01
3855 2886 0.01
3856 317 0.01
3857 5306 0.01
3858 2817 0.01
3859 4223 0.01
3860 2969 0.01
3861 3416 0.01
3862 5928 0.01
3863 1887 0.01
3864 5167 0.01
3865 788 0.01
3866 254 0.01
3867 2624 0.01
3868 3959 0.01
3869 101 0.01
3870 2877 0.01
3871 4041 0.01
3872 4268 0.01
3873 5079 0.01
3874 2934 0.01
3875 571 0.01
3876 307 0.01
3877 381 0.01
3878 4330 0.01
3879 3758 0.01
3880 1877 0.01
3881 3606 0.01
3882 634 0.01
3883 2481 0.01
3884 1487 0.01
3885 2549 0.01
3886 14 0.01
3887 416 0.01
3888 207 0.01
3889 345 0.01
3890 2878 0.01
3891 3102 0.01
3892 450 0.01
3893 4337 0.01
3894 4957 0.01
3895 214 0.01
3896 3441 0.01
3897 5854 0.01
3898 4499 0.01
3899 2131 0.01
3900 2748 0.01
3901 4129 0.01
3902 5635 0.01
3903 1751 0.01
3904 862 0.01
3905 3015 0.01
3906 3835 0.01
3907 2804 0.01
3908 3722 0.01
3909 797 0.01
3910 2839 0.01
3911 4069 0.01
3912 3112 0.01
3913 4393 0.01
3914 5622 0.01
3915 2226 0.01
3916 460 0.01
3917 1430 0.01
3918 4337 0.01
3919 1620 0.01
3920 3112 0.01
3921 1529 0.01
3922 5574 0.01
3923 4349 0.01
3924 5176 0.01
3925 5865 0.01
3926 5521 0.01
3927 1535 0.01
3928 407 0.01
3929 705 0.01
3930 2406 0.01
3931 2363 0.01
3932 896 0.01
3933 410 0.01
3934 1503 0.01
3935 3246 0.01
3936 5370 0.01
3937 5948 0.01
3938 1132 0.01
3939 2508 0.01
3940 1184 0.01
3941 1818 0.01
3942 1376 0.01
3943 5023 0.01
3944 149 0.01
3945 4450 0.01
3946 4550 0.01
3947 3203 0.01
3948 5987 0.01
3949 4298 0.01
3950 2804 0.01
3951 489 0.01
3952 3733 0.01
3953 4268 0.01
3954 2099 0.01
3955 3393 0.01
3956 3120 0.01
3957 4426 0.01
3958 4455 0.01
3959 5715 0.01
3960 3542 0.01
3961 252 0.01
3962 3316 0.01
3963 271 0.01
3964 703 0.01
3965 2099 0.01
3966 3000 0.01
3967 5269 0.01
3968 5677 0.01
3969 5220 0.01
3970 3885 0.01
3971 705 0.01
3972 1054 0.01
3973 1334 0.01
3974 5590 0.01
3975 3806 0.01
3976 784 0.01
3977 1515 0.01
3978 4694 0.01
3979 2709 0.01
3980 2407 0.01
3981 5789 0.01
3982 3751 0.01
3983 4638 0.01
3984 4426 0.01
3985 5803 0.01
3986 2450 0.01
3987 1690 0.01
3988 5507 0.01
3989 4936 0.01
3990 962 0.01
3991 3763 0.01
3992 5449 0.01
3993 705 0.01
3994 3526 0.01
3995 2568 0.01
3996 1513 0.01
3997 4369 0.01
3998 5964 0.01
3999 2318 0.01
4000 4924 0.01
4001 1609 0.01
4002 2897 0.01
4003 246 0.01
4004 526 0.01
4005 1182 0.01
4006 1434 0.01
4007 5729 0.01
4008 2945 0.01
4009 2704 0.01
4010 5187 0.01
4011 1570 0.01
4012 5996 0.01
4013 133 0.01
4014 4893 0.01
4015 1182 0.01
4016 2166 0.01
4017 1974 0.01
4018 1716 0.01
4019 5030 0.01
4020 3658 0.01
4021 5705 0.01
4022 1068 0.01
4023 2174 0.01
4024 755 0.01
4025 1033 0.01
4026 4932 0.01
4027 1735 0.01
4028 1616 0.01
4029 5480 0.01
4030 3290 0.01
4031 2626 0.01
4032 5031 0.01
4033 5929 0.01
4034 5169 0.01
4035 4117 0.01
4036 4566 0.01
4037 383 0.01
4038 2940 0.01
4039 784 0.01
4040 2320 0.01
4041 1862 0.01
4042 246 0.01
4043 120 0.01
4044 3 0.01
4045 490 0.01
4046 3041 0.01
4047 149 0.01
4048 884 0.01
4049 3908 0.01
4050 3977 0.01
4051 703 0.01
4052 2209 0.01
4053 148 0.01
4054 4600 0.01
4055 3292 0.01
4056 3302 0.01
4057 4586 0.01
4058 4220 0.01
4059 5757 0.01
4060 3335 0.01
4061 11 0.01
4062 4992 0.01
4063 4833 0.01
4064 2067 0.01
4065 1260 0.01
4066 1148 0.01
4067 4330 0.01
4068 5031 0.01
4069 3107 0.01
4070 1609 0.01
4071 3146 0.01
4072 4733 0.01
4073 1069 0.01
4074 3984 0.01
4075 5593 0.01
4076 1597 0.01
4077 3764 0.01
4078 1887 0.01
4079 2656 0.01
4080 1473 0.01
4081 1820 0.01
4082 3238 0.01
4083 3120 0.01
4084 252 0.01
4085 38 0.01
4086 5008 0.01
4087 3095 0.01
4088 1974 0.01
4089 4260 0.01
4090 4214 0.01
4091 5884 0.01
4092 4821 0.01
4093 3627 0.01
4094 2480 0.01
4095 5561 0.01
4096 5939 0.01
4097 2480 0.01
4098 133 0.01
4099 207 0.01
4100 1553 0.01
4101 3327 0.01
4102 143 0.01
4103 1220 0.01
4104 1454 0.01
4105 3533 0.01
4106 654 0.01
4107 4909 0.01
4108 834 0.01
4109 5831 0.01
4110 3277 0.01
4111 1997 0.01
4112 5012 0.01
4113 1869 0.01
4114 3568 0.01
4115 2099 0.01
4116 4695 0.01
4117 4997 0.01
4118 4495 0.01
4119 3223 0.01
4120 831 0.01
4121 4532 0.01
4122 2493 0.01
4123 1554 0.01
4124 5646 0.01
4125 1959 0.01
4126 5012 0.01
4127 1349 0.01
4128 4924 0.01
4129 120 0.01
4130 2903 0.01
4131 871 0.01
4132 467 0.01
4133 988 0.01
4134 2560 0.01
4135 3834 0.01
4136 3718 0.01
4137 1576 0.01
4138 426 0.01
4139 3694 0.01
4140 927 0.01
4141 4408 0.01
4142 5381 0.01
4143 5889 0.01
4144 1551 0.01
4145 1537 0.01
4146 5615 0.01
4147 79 0.01
4148 3013 0.01
4149 5378 0.01
4150 3316 0.01
4151 5364 0.01
4152 4138 0.01
4153 278 0.01
4154 703 0.01
4155 886 0.01
4156 2191 0.01
4157 2677 0.01
4158 4544 0.01
4159 1036 0.01
4160 1924 0.01
4161 3350 0.01
4162 2354 0.01
4163 2711 0.01
4164 3753 0.01
4165 2426 0.01
4166 1220 0.01
4167 3673 0.01
4168 4669 0.01
4169 831 0.01
4170 3023 0.01
4171 1476 0.01
4172 2564 0.01
4173 886 0.01
4174 2277 0.01
4175 792 0.01
4176 2207 0.01
4177 4945 0.01
4178 2482 0.01
4179 2061 0.01
4180 5939 0.01
4181 3903 0.01
4182 4175 0.01
4183 3152 0.01
4184 456 0.01
4185 3471 0.01
4186 3297 0.01
4187 1945 0.01
4188 2958 0.01
4189 1516 0.01
4190 4326 0.01
4191 2012 0.01
4192 4060 0.01
4193 1828 0.01
4194 147 0.01
4195 549 0.01
4196 4640 0.01
4197 4689 0.01
4198 549 0.01
4199 2069 0.01
4200 5574 0.01
4201 270 0.01
4202 4655 0.01
4203 1357 0.01
4204 5611 0.01
4205 3242 0.01
4206 5389 0.01
4207 4410 0.01
4208 3061 0.01
4209 5023 0.01
4210 1044 0.01
4211 5263 0.01
4212 2880 0.01
4213 5771 0.01
4214 1507 0.01
4215 2560 0.01
4216 247 0.01
4217 988 0.01
4218 5327 0.01
4219 1828 0.01
4220 5729 0.01
4221 2767 0.01
4222 4690 0.01
4223 5408 0.01
4224 5478 0.01
4225 4111 0.01
4226 3526 0.01
4227 2992 0.01
4228 3881 0.01
4229 3420 0.01
4230 68 0.01
4231 4683 0.01
4232 4041 0.01
4233 891 0.01
4234 4224 0.01
4235 5266 0.01
4236 3155 0.01
4237 1184 0.01
4238 2478 0.01
4239 4246 0.01
4240 4077 0.01
4241 4363 0.01
4242 4705 0.01
4243 2404 0.01
4244 1046 0.01
4245 4773 0.01
4246 912 0.01
4247 1124 0.01
4248 5010 0.01
4249 1854 0.01
4250 3271 0.01
4251 2832 0.01
4252 2012 0.01
4253 2406 0.01
4254 5577 0.01
4255 4436 0.01
4256 3663 0.01
4257 5878 0.01
4258 879 0.01
4259 2069 0.01
4260 3052 0.01
4261 2876 0.01
4262 5345 0.01
4263 262 0.01
4264 1450 0.01
4265 5524 0.01
4266 4252 0.01
4267 5329 0.01
4268 4997 0.01
4269 2307 0.01
4270 5837 0.01
4271 1426 0.01
4272 2502 0.01
4273 43 0.01
4274 5686 0.01
4275 3305 0.01
4276 246 0.01
4277 1127 0.01
4278 5541 0.01
4279 1131 0.01
4280 5473 0.01
4281 1780 0.01
4282 3139 0.01
4283 66 0.01
4284 2709 0.01
4285 1505 0.01
4286 594 0.01
4287 5521 0.01
4288 1379 0.01
4289 4874 0.01
4290 264 0.01
4291 3671 0.01
4292 4705 0.01
4293 3277 0.01
4294 3102 0.01
4295 5944 0.01
4296 3595 0.01
4297 5997 0.01
4298 5410 0.01
4299 1171 0.01
4300 4174 0.01
4301 3901 0.01
4302 5893 0.01
4303 4326 0.01
4304 3113 0.01
4305 2569 0.01
4306 4658 0.01
4307 1505 0.01
4308 3089 0.01
4309 4338 0.01
4310 5012 0.01
4311 4802 0.01
4312 3998 0.01
4313 2563 0.01
4314 3823 0.01
4315 2931 0.01
4316 578 0.01
4317 4448 0.01
4318 1063 0.01
4319 4792 0.01
4320 1319 0.01
4321 4584 0.01
4322 5007 0.01
4323 233 0.01
4324 3120 0.01
4325 1487 0.01
4326 909 0.01
4327 1044 0.01
4328 98 0.01
4329 4690 0.01
4330 3823 0.01
4331 571 0.01
4332 4739 0.01
4333 1748 0.01
4334 3277 0.01
4335 765 0.01
4336 2022 0.01
4337 1108 0.01
4338 3073 0.01
4339 4252 0.01
4340 1194 0.01
4341 4328 0.01
4342 10 0.01
4343 1205 0.01
4344 1669 0.01
4345 3314 0.01
4346 1314 0.01
4347 5944 0.01
4348 5970 0.01
4349 5865 0.01
4350 5429 0.01
4351 2001 0.01
4352 5723 0.01
4353 4776 0.01
4354 4832 0.01
4355 3412 0.01
4356 4513 0.01
4357 315 0.01
4358 1597 0.01
4359 4154 0.01
4360 3307 0.01
4361 5030 0.01
4362 5470 0.01
4363 4223 0.01
4364 4430 0.01
4365 4638 0.01
4366 4633 0.01
4367 5508 0.01
4368 2535 0.01
4369 5446 0.01
4370 2818 0.01
4371 2772 0.01
4372 2027 0.01
4373 5524 0.01
4374 3416 0.01
4375 647 0.01
4376 4608 0.01
4377 5541 0.01
4378 1391 0.01
4379 2105 0.01
4380 4048 0.01
4381 2091 0.01
4382 5263 0.01
4383 5970 0.01
4384 5704 0.01
4385 2465 0.01
4386 5362 0.01
4387 1231 0.01
4388 262 0.01
4389 2604 0.01
4390 2061 0.01
4391 533 0.01
4392 4078 0.01
4393 1805 0.01
4394 1601 0.01
4395 1589 0.01
4396 5766 0.01
4397 1295 0.01
4398 813 0.01
4399 128 0.01
4400 4750 0.01
4401 3661 0.01
4402 4510 0.01
4403 450 0.01
4404 1315 0.01
4405 1798 0.01
4406 1507 0.01
4407 5768 0.01
4408 4129 0.01
4409 5047 0.01
4410 5197 0.01
4411 4520 0.01
4412 8 0.01
4413 4372 0.01
4414 5622 0.01
4415 2199 0.01
4416 894 0.01
4417 5508 0.01
4418 5543 0.01
4419 4792 0.01
4420 2908 0.01
4421 5668 0.01
4422 951 0.01
4423 380 0.01
4424 2779 0.01
4425 1793 0.01
4426 2896 0.01
4427 1543 0.01
4428 43 0.01
4429 5524 0.01
4430 2406 0.01
4431 2751 0.01
4432 2902 0.01
4433 2070 0.01
4434 772 0.01
4435 5702 0.01
4436 2063 0.01
4437 1172 0.01
4438 562 0.01
4439 4454 0.01
4440 4895 0.01
4441 570 0.01
4442 5750 0.01
4443 1309 0.01
4444 3213 0.01
4445 2993 0.01
4446 5983 0.01
4447 5470 0.01
4448 4330 0.01
4449 161 0.01
4450 2482 0.01
4451 5600 0.01
4452 2073 0.01
4453 5533 0.01
4454 3132 0.01
4455 3045 0.01
4456 2377 0.01
4457 2847 0.01
4458 3284 0.01
4459 233 0.01
4460 344 0.01
4461 1956 0.01
4462 2833 0.01
4463 2997 0.01
4464 2761 0.01
4465 5997 0.01
4466 58 0.01
4467 1343 0.01
4468 4057 0.01
4469 5131 0.01
4470 2131 0.01
4471 859 0.01
4472 729 0.01
4473 822 0.01
4474 2679 0.01
4475 3489 0.01
4476 3321 0.01
4477 1845 0.01
4478 5524 0.01
4479 5327 0.01
4480 4538 0.01
4481 2087 0.01
4482 3155 0.01
4483 5404 0.01
4484 324 0.01
4485 5378 0.01
4486 4190 0.01
4487 3957 0.01
4488 3109 0.01
4489 5664 0.01
4490 1671 0.01
4491 2443 0.01
4492 4874 0.01
4493 572 0.01
4494 3207 0.01
4495 4128 0.01
4496 1330 0.01
4497 2955 0.01
4498 2243 0.01
4499 1290 0.01
4500 976 0.01
4501 262 0.01
4502 5201 0.01
4503 5667 0.01
4504 4934 0.01
4505 2047 0.01
4506 4564 0.01
4507 4669 0.01
4508 533 0.01
4509 3113 0.01
4510 1157 0.01
4511 1679 0.01
4512 1884 0.01
4513 423 0.01
4514 3856 0.01
4515 3798 0.01
4516 4407 0.01
4517 5975 0.01
4518 1128 0.01
4519 1454 0.01
4520 1319 0.01
4521 3784 0.01
4522 2429 0.01
4523 5222 0.01
4524 889 0.01
4525 475 0.01
4526 2430 0.01
4527 1442 0.01
4528 1068 0.01
4529 3259 0.01
4530 1154 0.01
4531 293 0.01
4532 2081 0.01
4533 88 0.01
4534 4864 0.01
4535 941 0.01
4536 3606 0.01
4537 3699 0.01
4538 159 0.01
4539 572 0.01
4540 3881 0.01
4541 2859 0.01
4542 5593 0.01
4543 5663 0.01
4544 101 0.01
4545 2485 0.01
4546 333 0.01
4547 760 0.01
4548 1494 0.01
4549 719 0.01
4550 6000 0.01
4551 426 0.01
4552 1439 0.01
4553 5381 0.01
4554 2863 0.01
4555 3005 0.01
4556 2370 0.01
4557 921 0.01
4558 5443 0.01
4559 5536 0.01
4560 5472 0.01
4561 98 0.01
4562 2744 0.01
4563 3021 0.01
4564 3881 0.01
4565 2541 0.01
4566 2993 0.01
4567 1609 0.01
4568 963 0.01
4569 5266 0.01
4570 2300 0.01
4571 5048 0.01
4572 1290 0.01
4573 3140 0.01
4574 4909 0.01
4575 4169 0.01
4576 1820 0.01
4577 2446 0.01
4578 532 0.01
4579 5072 0.01
4580 4214 0.01
4581 2481 0.01
4582 2918 0.01
4583 2036 0.01
4584 3068 0.01
4585 3309 0.01
4586 4426 0.01
4587 4650 0.01
4588 5131 0.01
4589 5521 0.01
4590 813 0.01
4591 3220 0.01
4592 5677 0.01
4593 5555 0.01
4594 1281 0.01
4595 1726 0.01
4596 3314 0.01
4597 1631 0.01
4598 4445 0.01
4599 1727 0.01
4600 5836 0.01
4601 4649 0.01
4602 48 0.01
4603 1710 0.01
4604 4798 0.01
4605 874 0.01
4606 5408 0.01
4607 2382 0.01
4608 2805 0.01
4609 4175 0.01
4610 188 0.01
4611 2661 0.01
4612 909 0.01
4613 592 0.01
4614 1905 0.01
4615 4059 0.01
4616 3489 0.01
4617 4501 0.01
4618 2531 0.01
4619 2209 0.01
4620 2069 0.01
4621 1878 0.01
4622 3284 0.01
4623 538 0.01
4624 953 0.01
4625 5240 0.01
4626 459 0.01
4627 3922 0.01
4628 592 0.01
4629 949 0.01
4630 4041 0.01
4631 3387 0.01
4632 1989 0.01
4633 1766 0.01
4634 3418 0.01
4635 5329 0.01
4636 1086 0.01
4637 4377 0.01
4638 4975 0.01
4639 4743 0.01
4640 3567 0.01
4641 1024 0.01
4642 1223 0.01
4643 5750 0.01
4644 4219 0.01
4645 3045 0.01
4646 159 0.01
4647 1887 0.01
4648 4802 0.01
4649 4534 0.01
4650 2012 0.01
4651 2040 0.01
4652 4773 0.01
4653 5404 0.01
4654 3368 0.01
4655 2385 0.01
4656 228 0.01
4657 271 0.01
4658 3406 0.01
4659 3833 0.01
4660 5939 0.01
4661 1376 0.01
4662 1411 0.01
4663 2498 0.01
4664 5427 0.01
4665 500 0.01
4666 3389 0.01
4667 2191 0.01
4668 4060 0.01
4669 4426 0.01
4670 5147 0.01
4671 5629 0.01
4672 3293 0.01
4673 30 0.01
4674 4252 0.01
4675 1854 0.01
4676 4328 0.01
4677 1476 0.01
4678 2198 0.01
4679 1289 0.01
4680 3302 0.01
4681 2446 0.01
4682 4445 0.01
4683 5724 0.01
4684 3493 0.01
4685 2770 0.01
4686 897 0.01
4687 57 0.01
4688 338 0.01
4689 5 0.01
4690 3823 0.01
4691 2707 0.01
4692 246 0.01
4693 5478 0.01
4694 5551 0.01
4695 4412 0.01
4696 5186 0.01
4697 2857 0.01
4698 5558 0.01
4699 1528 0.01
4700 5073 0.01
4701 2718 0.01
4702 3364 0.01
4703 48 0.01
4704 5140 0.01
4705 4655 0.01
4706 4806 0.01
4707 4416 0.01
4708 5034 0.01
4709 1610 0.01
4710 112 0.01
4711 949 0.01
4712 3312 0.01
4713 5492 0.01
4714 4035 0.01
4715 3953 0.01
4716 68 0.01
4717 5132 0.01
4718 2195 0.01
4719 5948 0.01
4720 208 0.01
4721 1643 0.01
4722 1213 0.01
4723 4192 0.01
4724 4906 0.01
4725 5073 0.01
4726 3598 0.01
4727 186 0.01
4728 5327 0.01
4729 4483 0.01
4730 68 0.01
4731 4010 0.01
4732 1437 0.01
4733 1467 0.01
4734 2334 0.01
4735 806 0.01
4736 5907 0.01
4737 3078 0.01
4738 5997 0.01
4739 3000 0.01
4740 4303 0.01
4741 3871 0.01
4742 2206 0.01
4743 2742 0.01
4744 4521 0.01
4745 1877 0.01
4746 2240 0.01
4747 1477 0.01
4748 1877 0.01
4749 3474 0.01
4750 423 0.01
4751 290 0.01
4752 5743 0.01
4753 1603 0.01
4754 2742 0.01
4755 3095 0.01
4756 4540 0.01
4757 4690 0.01
4758 5427 0.01
4759 2511 0.01
4760 2189 0.01
4761 2723 0.01
4762 2349 0.01
4763 5899 0.01
4764 2426 0.01
4765 4458 0.01
4766 745 0.01
4767 2844 0.01
4768 2055 0.01
4769 1609 0.01
4770 4357 0.01
4771 4496 0.01
4772 3628 0.01
4773 1127 0.01
4774 245 0.01
4775 3717 0.01
4776 3921 0.01
4777 5965 0.01
4778 902 0.01
4779 4550 0.01
4780 3406 0.01
4781 430 0.01
4782 4129 0.01
4783 2000 0.01
4784 460 0.01
4785 5600 0.01
4786 5140 0.01
4787 3809 0.01
4788 5461 0.01
4789 5508 0.01
4790 1352 0.01
4791 4634 0.01
4792 1997 0.01
4793 1744 0.01
4794 5032 0.01
4795 4410 0.01
4796 2252 0.01
4797 806 0.01
4798 4473 0.01
4799 3257 0.01
4800 4606 0.01
4801 5479 0.01
4802 703 0.01
4803 1703 0.01
4804 5245 0.01
4805 2820 0.01
4806 1962 0.01
4807 557 0.01
4808 572 0.01
4809 848 0.01
4810 2307 0.01
4811 3881 0.01
4812 2852 0.01
4813 59 0.01
4814 5251 0.01
4815 5048 0.01
4816 4372 0.01
4817 1379 0.01
4818 1506 0.01
4819 2254 0.01
4820 1565 0.01
4821 4369 0.01
4822 3416 0.01
4823 3474 0.01
4824 5724 0.01
4825 38 0.01
4826 2054 0.01
4827 4154 0.01
4828 3440 0.01
4829 629 0.01
4830 298 0.01
4831 5547 0.02
4832 3107 0.01
4833 2087 0.01
4834 4956 0.01
4835 2894 0.01
4836 4191 0.01
4837 2382 0.01
4838 4986 0.01
4839 1149 0.01
4840 4519 0.01
4841 3751 0.01
4842 1049 0.01
4843 4519 0.01
4844 5160 0.01
4845 878 0.01
4846 1842 0.01
4847 3191 0.01
4848 2254 0.01
4849 271 0.01
4850 2925 0.01
4851 4975 0.01
4852 2435 0.01
4853 4534 0.01
4854 626 0.01
4855 4620 0.01
4856 1018 0.01
4857 1674 0.01
4858 5210 0.01
4859 5002 0.01
4860 5645 0.01
4861 4970 0.01
4862 892 0.01
4863 3567 0.01
4864 1 0.01
4865 5135 0.01
4866 5148 0.01
4867 1934 0.01
4868 5558 0.01
4869 105 0.01
4870 2904 0.01
4871 583 0.01
4872 4268 0.01
4873 416 0.01
4874 3921 0.01
4875 5705 0.01
4876 1274 0.01
4877 4320 0.01
4878 2192 0.01
4879 3802 0.01
4880 5225 0.01
4881 5118 0.01
4882 4889 0.01
4883 4609 0.01
4884 831 0.01
4885 3928 0.01
4886 4428 0.01
4887 4906 0.01
4888 57 0.01
4889 3673 0.01
4890 3276 0.01
4891 5010 0.01
4892 3664 0.01
4893 2862 0.01
4894 1049 0.01
4895 647 0.01
4896 5655 0.01
4897 3412 0.01
4898 5606 0.01
4899 2880 0.01
4900 3327 0.01
4901 4653 0.01
4902 3368 0.01
4903 1705 0.01
4904 3387 0.01
4905 694 0.01
4906 4869 0.01
4907 2737 0.01
4908 1741 0.01
4909 4426 0.01
4910 3618 0.01
4911 1997 0.01
4912 5279 0.01
4913 1534 0.01
4914 3295 0.01
4915 3957 0.01
4916 3690 0.01
4917 2710 0.01
4918 2862 0.01
4919 253 0.01
4920 2984 0.01
4921 3393 0.01
4922 492 0.01
4923 423 0.01
4924 1853 0.01
4925 500 0.01
4926 1783 0.01
4927 5521 0.01
4928 338 0.01
4929 5543 0.01
4930 4383 0.01
4931 3717 0.01
4932 8 0.01
4933 5982 0.01
4934 2779 0.01
4935 4252 0.01
4936 1811 0.01
4937 5583 0.01
4938 5588 0.01
4939 1861 0.01
4940 599 0.01
4941 1147 0.01
4942 3094 0.01
4943 5269 0.01
4944 5030 0.01
4945 4120 0.01
4946 2863 0.01
4947 2615 0.01
4948 1584 0.01
4949 5925 0.01
4950 367 0.01
4951 5547 0.01
4952 1473 0.01
4953 5186 0.01
4954 2976 0.01
4955 1432 0.01
4956 5073 0.01
4957 5677 0.01
4958 835 0.01
4959 3526 0.01
4960 2529 0.01
4961 2516 0.02
4962 2067 0.01
4963 5209 0.01
4964 1450 0.01
4965 2366 0.01
4966 3057 0.01
4967 2357 0.01
4968 1990 0.01
4969 1340 0.01
4970 745 0.01
4971 1671 0.01
4972 2060 0.01
4973 327 0.01
4974 3387 0.01
4975 3921 0.01
4976 3925 0.01
4977 4613 0.01
4978 3325 0.01
4979 3072 0.01
4980 4369 0.01
4981 5319 0.01
4982 679 0.01
4983 5132 0.01
4984 3751 0.01
4985 1561 0.01
4986 4120 0.01
4987 1357 0.01
4988 3930 0.01
4989 4035 0.01
4990 1990 0.01
4991 1495 0.01
4992 4874 0.01
4993 3719 0.01
4994 4348 0.01
4995 3659 0.01
4996 4289 0.01
4997 3335 0.01
4998 757 0.01
4999 5983 0.01
5000 1767 0.01
5001 2967 0.01
5002 5260 0.01
5003 1551 0.01
5004 1518 0.01
5005 572 0.01
5006 647 0.01
5007 3606 0.01
5008 3290 0.01
5009 1635 0.01
5010 4128 0.01
5011 1842 0.01
5012 2604 0.01
5013 4448 0.01
5014 4372 0.01
5015 4893 0.01
5016 2940 0.01
5017 2707 0.01
5018 2207 0.01
5019 3453 0.01
5020 5802 0.01
5021 2103 0.01
5022 2852 0.01
5023 4223 0.01
5024 1923 0.01
5025 4918 0.01
5026 1981 0.01
5027 3676 0.01
5028 3843 0.01
5029 5214 0.01
5030 4869 0.01
5031 3585 0.01
5032 538 0.01
5033 2268 0.01
5034 4534 0.01
5035 4358 0.01
5036 4668 0.01
5037 459 0.01
5038 5327 0.01
5039 4369 0.01
5040 2918 0.01
5041 5877 0.01
5042 5845 0.01
5043 2480 0.01
5044 3327 0.01
5045 760 0.01
5046 1645 0.01
5047 606 0.01
5048 1766 0.01
5049 2857 0.01
5050 1153 0.01
5051 1304 0.01
5052 4115 0.01
5053 2237 0.01
5054 2022 0.01
5055 370 0.01
5056 1862 0.01
5057 1808 0.01
5058 884 0.01
5059 4813 0.01
5060 5209 0.01
5061 3623 0.01
5062 3653 0.01
5063 5409 0.01
5064 1584 0.01
5065 1747 0.01
5066 2154 0.01
5067 3532 0.01
5068 3153 0.01
5069 3094 0.01
5070 3120 0.01
5071 5732 0.01
5072 3132 0.01
5073 5408 0.01
5074 5997 0.01
5075 5441 0.01
5076 5160 0.01
5077 2464 0.01
5078 1257 0.01
5079 4492 0.01
5080 2467 0.01
5081 2054 0.01
5082 316 0.01
5083 4487 0.01
5084 4576 0.01
5085 2470 0.01
5086 185 0.01
5087 3257 0.01
5088 2078 0.01
5089 5304 0.01
5090 926 0.01
5091 2702 0.01
5092 111 0.01
5093 5705 0.01
5094 3843 0.01
5095 1981 0.01
5096 3879 0.01
5097 1637 0.01
5098 4564 0.01
5099 5553 0.01
5100 2305 0.01
5101 5075 0.01
5102 4496 0.01
5103 4036 0.01
5104 2159 0.01
5105 2857 0.01
5106 2151 0.01
5107 553 0.01
5108 3350 0.01
5109 416 0.01
5110 4383 0.01
5111 3609 0.01
5112 3919 0.01
5113 4628 0.01
5114 2610 0.01
5115 4339 0.02
5116 1553 0.01
5117 3969 0.01
5118 2407 0.01
5119 4832 0.01
5120 3252 0.01
5121 210 0.01
5122 5907 0.01
5123 3242 0.01
5124 1295 0.01
5125 4657 0.01
5126 2470 0.01
5127 3518 0.01
5128 1395 0.01
5129 4869 0.01
5130 4735 0.01
5131 208 0.01
5132 3107 0.01
5133 334 0.01
5134 867 0.01
5135 75 0.01
5136 4445 0.01
5137 4720 0.01
5138 5872 0.01
5139 3844 0.01
5140 2903 0.01
5141 4458 0.01
5142 3930 0.01
5143 1203 0.01
5144 3112 0.01
5145 4909 0.01
5146 5944 0.01
5147 2481 0.01
5148 2863 0.01
5149 4337 0.01
5150 1273 0.01
5151 1290 0.01
5152 410 0.01
5153 749 0.01
5154 2391 0.01
5155 1023 0.01
5156 2530 0.01
5157 5381 0.01
5158 3587 0.01
5159 1981 0.01
5160 5645 0.01
5161 909 0.01
5162 3166 0.01
5163 2604 0.01
5164 2944 0.01
5165 2038 0.01
5166 5167 0.01
5167 1072 0.01
5168 4891 0.01
5169 3146 0.01
5170 3262 0.01
5171 2399 0.01
5172 3761 0.01
5173 1776 0.01
5174 2338 0.01
5175 4655 0.01
5176 1741 0.01
5177 543 0.01
5178 5584 0.01
5179 1149 0.01
5180 2940 0.01
5181 221 0.01
5182 2079 0.01
5183 538 0.01
5184 2529 0.01
5185 290 0.01
5186 5441 0.01
5187 1108 0.01
5188 1506 0.01
5189 1501 0.01
5190 372 0.01
5191 4200 0.01
5192 2698 0.01
5193 4130 0.01
5194 4216 0.01
5195 380 0.01
5196 943 0.01
5197 3606 0.01
5198 4580 0.01
5199 4303 0.01
5200 4706 0.01
5201 4798 0.01
5202 4794 0.01
5203 1274 0.01
5204 3339 0.01
5205 5756 0.01
5206 1454 0.01
5207 2005 0.01
5208 2378 0.01
5209 223 0.01
5210 5197 0.01
5211 315 0.01
5212 5964 0.01
5213 2599 0.01
5214 1202 0.01
5215 3314 0.01
5216 147 0.02
5217 315 0.01
5218 36 0.01
5219 366 0.01
5220 3921 0.01
5221 5845 0.01
5222 1811 0.01
5223 5461 0.01
5224 346 0.01
5225 3033 0.01
5226 4483 0.01
5227 754 0.01
5228 4513 0.01
5229 5704 0.01
5230 709 0.01
5231 1040 0.01
5232 4425 0.01
5233 1205 0.01
5234 428 0.01
5235 1655 0.01
5236 467 0.01
5237 583 0.01
5238 5007 0.01
5239 1947 0.01
5240 3132 0.01
5241 4705 0.01
5242 2528 0.01
5243 4536 0.01
5244 496 0.01
5245 1426 0.01
5246 4936 0.01
5247 592 0.01
5248 4175 0.01
5249 4458 0.01
5250 2569 0.01
5251 1521 0.01
5252 1003 0.01
5253 2692 0.01
5254 814 0.01
5255 2307 0.01
5256 3390 0.01
5257 1510 0.01
5258 3507 0.01
5259 835 0.01
5260 1529 0.01
5261 4090 0.01
5262 250 0.01
5263 1097 0.01
5264 4064 0.01
5265 2155 0.01
5266 1319 0.01
5267 3533 0.01
5268 3858 0.01
5269 4606 0.01
5270 4462 0.01
5271 2241 0.01
5272 4484 0.01
5273 3761 0.01
5274 3690 0.01
5275 4924 0.01
5276 4555 0.01
5277 2590 0.01
5278 4608 0.01
5279 5478 0.01
5280 1454 0.01
5281 2792 0.01
5282 1361 0.01
5283 1383 0.01
5284 2963 0.01
5285 5017 0.01
5286 5118 0.01
5287 1442 0.01
5288 2293 0.01
5289 3321 0.01
5290 4859 0.01
5291 4288 0.01
5292 2395 0.01
5293 4448 0.01
5294 5635 0.01
5295 327 0.01
5296 5197 0.01
5297 1934 0.01
5298 713 0.01
5299 3555 0.01
5300 2712 0.01
5301 2899 0.01
5302 1499 0.01
5303 2038 0.01
5304 253 0.01
5305 5949 0.01
5306 5353 0.01
5307 1296 0.01
5308 5147 0.01
5309 1396 0.01
5310 1862 0.01
5311 4802 0.01
5312 1525 0.01
5313 5058 0.01
5314 5461 0.01
5315 2143 0.01
5316 888 0.01
5317 19 0.01
5318 5948 0.01
5319 4550 0.01
5320 4128 0.01
5321 484 0.01
5322 4338 0.01
5323 834 0.01
5324 1521 0.01
5325 4802 0.01
5326 1703 0.01
5327 1811 0.01
5328 3065 0.01
5329 3526 0.01
5330 745 0.01
5331 4863 0.01
5332 3585 0.01
5333 133 0.01
5334 5590 0.01
5335 4282 0.01
5336 952 0.01
5337 5698 0.01
5338 2504 0.01
5339 253 0.01
5340 4383 0.01
5341 2844 0.01
5342 5132 0.01
5343 1692 0.01
5344 1735 0.01
5345 1098 0.01
5346 3693 0.01
5347 5002 0.01
5348 862 0.01
5349 3852 0.01
5350 5477 0.01
5351 4124 0.01
5352 5652 0.01
5353 4473 0.01
5354 448 0.01
5355 2742 0.01
5356 5222 0.01
5357 3803 0.01
5358 3963 0.01
5359 2357 0.01
5360 3214 0.01
5361 762 0.01
5362 5161 0.01
5363 2059 0.01
5364 834 0.01
5365 3122 0.01
5366 2186 0.01
5367 225 0.01
5368 5536 0.01
5369 3009 0.01
5370 2393 0.01
5371 2940 0.01
5372 191 0.01
5373 1128 0.01
5374 5663 0.01
5375 4666 0.01
5376 101 0.01
5377 38 0.01
5378 120 0.01
5379 3443 0.01
5380 5406 0.01
5381 5220 0.01
5382 2707 0.01
5383 4540 0.01
5384 3043 0.01
5385 729 0.01
5386 3653 0.01
5387 3109 0.01
5388 1766 0.01
5389 4 0.01
5390 5757 0.01
5391 3753 0.01
5392 1517 0.01
5393 2944 0.01
5394 5948 0.01
5395 2438 0.01
5396 4782 0.01
5397 1000 0.01
5398 2393 0.01
5399 1929 0.01
5400 3673 0.01
5401 459 0.01
5402 643 0.01
5403 4548 0.01
5404 3921 0.01
5405 2385 0.01
5406 2950 0.01
5407 2154 0.01
5408 3151 0.01
5409 4813 0.01
5410 4174 0.01
5411 4767 0.01
5412 719 0.01
5413 5045 0.01
5414 1757 0.01
5415 4960 0.01
5416 5652 0.01
5417 3095 0.01
5418 1519 0.01
5419 1974 0.01
5420 3049 0.01
5421 2286 0.01
5422 355 0.01
5423 868 0.01
5424 3527 0.01
5425 2012 0.01
5426 3976 0.01
5427 538 0.01
5428 2844 0.01
5429 3957 0.01
5430 2744 0.01
5431 4865 0.01
5432 4008 0.01
5433 3298 0.01
5434 4674 0.01
5435 4872 0.01
5436 1387 0.01
5437 5118 0.01
5438 3806 0.01
5439 4424 0.01
5440 5606 0.01
5441 5408 0.01
5442 5304 0.01
5443 5225 0.01
5444 4485 0.01
5445 4506 0.01
5446 1853 0.01
5447 572 0.01
5448 1645 0.01
5449 2947 0.01
5450 5339 0.01
5451 2237 0.01
5452 2143 0.01
5453 2625 0.01
5454 3859 0.01
5455 4928 0.01
5456 2412 0.01
5457 4142 0.01
5458 4014 0.01
5459 3355 0.01
5460 5326 0.01
5461 489 0.01
5462 3618 0.01
5463 3491 0.01
5464 317 0.01
5465 4792 0.01
5466 835 0.01
5467 79 0.01
5468 1494 0.01
5469 909 0.01
5470 4869 0.01
5471 1202 0.01
5472 3881 0.01
5473 4412 0.01
5474 3930 0.01
5475 2624 0.01
5476 3223 0.01
5477 1127 0.01
5478 3163 0.01
5479 3930 0.01
5480 5944 0.01
5481 3693 0.01
5482 2817 0.01
5483 3098 0.01
5484 177 0.01
5485 3098 0.01
5486 4041 0.01
5487 4586 0.01
5488 2759 0.01
5489 5429 0.01
5490 2478 0.01
5491 1319 0.01
5492 1848 0.01
5493 3585 0.01
5494 4720 0.01
5495 4469 0.01
5496 4586 0.01
5497 1305 0.01
5498 2250 0.01
5499 5692 0.01
5500 2223 0.01
5501 1547 0.01
5502 4124 0.01
5503 2418 0.01
5504 5983 0.01
5505 82 0.01
5506 5357 0.01
5507 57 0.01
5508 1111 0.01
5509 3302 0.01
5510 1058 0.01
5511 572 0.01
5512 5930 0.01
5513 4976 0.01
5514 3092 0.01
5515 3814 0.01
5516 572 0.01
5517 4252 0.01
5518 5471 0.01
5519 3554 0.01
5520 1367 0.01
5521 2406 0.01
5522 2986 0.01
5523 4149 0.01
5524 59 0.01
5525 4220 0.01
5526 3508 0.01
5527 5949 0.01
5528 4220 0.01
5529 797 0.01
5530 3658 0.01
5531 4867 0.01
5532 3659 0.01
5533 4496 0.01
5534 5551 0.01
5535 5551 0.01
5536 2277 0.01
5537 5521 0.01
5538 2862 0.01
5539 4286 0.01
5540 5682 0.01
5541 2027 0.01
5542 1361 0.01
5543 253 0.01
5544 3214 0.01
5545 5792 0.01
5546 5783 0.01
5547 3033 0.01
5548 4668 0.01
5549 2362 0.01
5550 180 0.01
5551 2604 0.01
5552 4454 0.01
5553 3163 0.01
5554 760 0.01
5555 3387 0.01
5556 2854 0.01
5557 820 0.01
5558 1295 0.01
5559 661 0.01
5560 3293 0.01
5561 3053 0.01
5562 5941 0.01
5563 5195 0.01
5564 991 0.01
5565 2252 0.01
5566 757 0.01
5567 2453 0.01
5568 3082 0.01
5569 731 0.01
5570 3179 0.01
5571 1720 0.01
5572 3675 0.01
5573 1887 0.01
5574 4426 0.01
5575 2207 0.01
5576 5469 0.01
5577 4975 0.01
5578 810 0.01
5579 1705 0.01
5580 1085 0.01
5581 1890 0.01
5582 1349 0.01
5583 541 0.01
5584 572 0.01
5585 3664 0.01
5586 3203 0.01
5587 4048 0.01
5588 3622 0.01
5589 166 0.01
5590 2063 0.01
5591 2291 0.01
5592 4945 0.01
5593 4389 0.01
5594 2529 0.01
5595 643 0.01
5596 1 0.01
5597 2195 0.01
5598 3295 0.01
5599 2453 0.01
5600 3881 0.01
5601 4863 0.01
5602 1018 0.01
5603 2730 0.01
5604 5332 0.01
5605 1517 0.01
5606 4060 0.01
5607 3321 0.01
5608 4877 0.01
5609 5135 0.01
5610 4326 0.01
5611 1171 0.01
5612 5642 0.01
5613 5378 0.01
5614 2014 0.01
5615 2012 0.01
5616 4329 0.01
5617 5473 0.01
5618 4019 0.01
5619 468 0.01
5620 1515 0.01
5621 2748 0.01
5622 2012 0.01
5623 3772 0.01
5624 2266 0.01
5625 585 0.01
5626 2852 0.01
5627 1461 0.01
5628 1450 0.01
5629 2349 0.01
5630 5502 0.01
5631 1842 0.01
5632 5830 0.01
5633 4163 0.01
5634 5149 0.01
5635 4884 0.01
5636 147 0.01
5637 1953 0.01
5638 21 0.01
5639 2154 0.01
5640 1726 0.01
5641 5348 0.01
5642 4640 0.01
5643 1990 0.01
5644 5964 0.01
5645 831 0.01
5646 3606 0.01
5647 1645 0.01
5648 3200 0.01
5649 2560 0.01
5650 3156 0.01
5651 670 0.01
5652 4223 0.01
5653 3136 0.01
5654 2877 0.01
5655 1296 0.01
5656 4513 0.01
5657 4828 0.01
5658 4757 0.01
5659 5895 0.01
5660 5751 0.01
5661 222 0.01
5662 4766 0.01
5663 5865 0.01
5664 1638 0.01
5665 20 0.01
5666 2043 0.01
5667 196 0.01
5668 5882 0.01
5669 4606 0.01
5670 954 0.01
5671 1439 0.01
5672 3673 0.01
5673 1503 0.01
5674 2191 0.01
5675 367 0.01
5676 4800 0.01
5677 822 0.01
5678 2316 0.01
5679 5872 0.01
5680 428 0.01
5681 4918 0.01
5682 4473 0.01
5683 3293 0.01
5684 3514 0.01
5685 2420 0.01
5686 1296 0.01
5687 290 0.01
5688 4620 0.01
5689 3670 0.01
5690 1168 0.01
5691 4586 0.01
5692 2895 0.01
5693 5538 0.01
5694 3495 0.01
5695 2150 0.01
5696 407 0.01
5697 1130 0.01
5698 3835 0.01
5699 4203 0.01
5700 3835 0.01
5701 1147 0.01
5702 4426 0.01
5703 5718 0.01
5704 4407 0.01
5705 1905 0.01
5706 578 0.01
5707 5763 0.01
5708 5555 0.01
5709 2355 0.01
5710 5779 0.01
5711 4000 0.01
5712 4190 0.01
5713 5804 0.01
5714 962 0.01
5715 3033 0.01
5716 1043 0.01
5717 2191 0.01
5718 5187 0.01
5719 5303 0.01
5720 3205 0.01
5721 1127 0.01
5722 2494 0.01
5723 5787 0.01
5724 5646 0.01
5725 5370 0.01
5726 2320 0.01
5727 1988 0.01
5728 3980 0.01
5729 3146 0.01
5730 1945 0.01
5731 1638 0.01
5732 2139 0.01
5733 5844 0.01
5734 2528 0.01
5735 2875 0.01
5736 3761 0.01
5737 5066 0.01
5738 2857 0.01
5739 3203 0.01
5740 1376 0.01
5741 4851 0.01
5742 2569 0.01
5743 1387 0.01
5744 3024 0.01
5745 3640 0.01
5746 2693 0.01
5747 4434 0.01
5748 4516 0.01
5749 4410 0.01
5750 4434 0.01
5751 2730 0.01
5752 3658 0.01
5753 3734 0.01
5754 687 0.01
5755 307 0.01
5756 4690 0.01
5757 1962 0.01
5758 3412 0.01
5759 1157 0.01
5760 2481 0.01
5761 416 0.01
5762 2482 0.01
5763 4426 0.01
5764 4622 0.01
5765 2671 0.01
5766 909 0.01
5767 802 0.01
5768 3606 0.01
5769 1502 0.01
5770 5443 0.01
5771 2915 0.01
5772 2195 0.01
5773 3693 0.01
5774 1192 0.01
5775 3194 0.01
5776 973 0.01
5777 2903 0.01
5778 205 0.01
5779 822 0.01
5780 5518 0.01
5781 1628 0.01
5782 526 0.01
5783 3270 0.01
5784 4612 0.01
5785 3588 0.01
5786 2846 0.01
5787 4117 0.01
5788 4338 0.01
5789 5303 0.01
5790 2318 0.01
5791 3647 0.01
5792 4566 0.01
5793 1286 0.01
5794 3065 0.01
5795 2779 0.01
5796 2116 0.01
5797 894 0.01
5798 1066 0.01
5799 2729 0.01
5800 5118 0.01
5801 257 0.01
5802 2012 0.01
5803 2597 0.01
5804 5882 0.01
5805 2709 0.01
5806 2805 0.01
5807 2764 0.01
5808 2431 0.01
5809 281 0.01
5810 2849 0.01
5811 4223 0.01
5812 4902 0.01
5813 3214 0.02
5814 705 0.01
5815 1519 0.01
5816 2332 0.01
5817 5937 0.01
5818 3718 0.01
5819 5583 0.01
5820 229 0.01
5821 2309 0.01
5822 4314 0.01
5823 3810 0.01
5824 1141 0.01
5825 250 0.01
5826 2947 0.01
5827 4354 0.01
5828 5287 0.01
5829 4776 0.01
5830 3132 0.01
5831 1075 0.01
5832 3480 0.01
5833 2114 0.01
5834 795 0.01
5835 2965 0.01
5836 1962 0.01
5837 1726 0.01
5838 3173 0.01
5839 2004 0.01
5840 1621 0.01
5841 136 0.01
5842 1323 0.01
5843 727 0.01
5844 3250 0.01
5845 1097 0.01
5846 1057 0.01
5847 1286 0.01
5848 2982 0.01
5849 2508 0.01
5850 3242 0.01
5851 5672 0.01
5852 4481 0.01
5853 806 0.01
5854 3881 0.01
5855 1476 0.01
5856 1379 0.01
5857 2541 0.01
5858 2549 0.01
5859 5252 0.01
5860 5073 0.01
5861 2490 0.01
5862 1046 0.01
5863 5662 0.01
5864 3240 0.01
5865 538 0.01
5866 4550 0.01
5867 5551 0.01
5868 5210 0.01
5869 1521 0.01
5870 5236 0.01
5871 2465 0.01
5872 1075 0.01
5873 2902 0.01
5874 3693 0.01
5875 3274 0.01
5876 3930 0.01
5877 3697 0.01
5878 4904 0.01
5879 1025 0.01
5880 3407 0.01
5881 4622 0.01
5882 120 0.01
5883 1905 0.01
5884 1220 0.01
5885 5811 0.01
5886 2404 0.01
5887 4243 0.01
5888 909 0.01
5889 2988 0.01
5890 2182 0.01
5891 5310 0.01
5892 4265 0.01
5893 1391 0.01
5894 3517 0.01
5895 4071 0.01
5896 4518 0.01
5897 3370 0.01
5898 380 0.01
5899 5882 0.01
5900 3883 0.01
5901 3495 0.01
5902 4613 0.01
5903 1560 0.01
5904 4863 0.01
5905 1531 0.01
5906 1590 0.01
5907 1296 0.01
5908 5691 0.01
5909 3832 0.01
5910 169 0.01
5911 1111 0.01
5912 4557 0.01
5913 562 0.01
5914 3429 0.01
5915 2576 0.01
5916 1568 0.01
5917 3925 0.01
5918 147 0.01
5919 2915 0.01
5920 3246 0.01
5921 448 0.01
5922 2461 0.01
5923 2704 0.01
5924 2322 0.01
5925 5187 0.01
5926 3122 0.01
5927 3555 0.02
5928 942 0.01
5929 5760 0.01
5930 4936 0.01
5931 3144 0.01
5932 4718 0.01
5933 5802 0.01
5934 4501 0.01
5935 253 0.01
5936 1062 0.01
5937 2742 0.01
5938 4723 0.01
5939 1862 0.01
5940 3462 0.01
5941 5187 0.01
5942 1182 0.01
5943 4513 0.01
5944 942 0.01
5945 2907 0.01
5946 2309 0.01
5947 2709 0.01
5948 2529 0.01
5949 3609 0.01
5950 1624 0.01
5951 1668 0.01
5952 4960 0.01
5953 4496 0.01
5954 2189 0.01
5955 5384 0.01
5956 887 0.01
5957 5418 0.01
5958 1881 0.01
5959 2049 0.01
5960 3135 0.01
5961 4261 0.01
5962 5621 0.01
5963 2012 0.01
5964 1862 0.01
5965 247 0.01
5966 4513 0.01
5967 4307 0.01
5968 2140 0.01
5969 2751 0.01
5970 5627 0.01
5971 5211 0.01
5972 5538 0.01
5973 2908 0.01
5974 1487 0.01
5975 4314 0.01
5976 5677 0.01
5977 1111 0.01
5978 3864 0.01
5979 518 0.01
5980 4244 0.01
5981 1679 0.01
5982 2844 0.01
5983 5677 0.01
5984 2810 0.01
5985 2674 0.01
5986 1042 0.01
5987 5007 0.01
5988 5724 0.01
5989 2339 0.01
5990 2876 0.01
5991 5265 0.01
5992 5986 0.01
5993 3832 0.01
5994 4640 0.01
5995 2108 0.01
5996 3554 0.01
5997 317 0.01
5998 1574 0.01
5999 5899 0.01
6000 2896 0.01
