2000
1999
2 1635 0.01
3 1950 0.02
4 212 0.01
5 1420 0.01
6 1974 0.01
7 279 0.01
8 1456 0.01
9 1809 0.01
10 367 0.01
11 1075 0.01
12 1094 0.01
13 1256 0.01
14 329 0.01
15 829 0.02
16 442 0.01
17 1788 0.01
18 1334 0.01
19 1582 0.02
20 54 0.01
21 1964 0.01
22 479 0.01
23 824 0.01
24 1666 0.01
25 1791 0.01
26 920 0.01
27 1958 0.02
28 244 0.01
29 1494 0.01
30 110 0.01
31 473 0.01
32 1094 0.01
33 1183 0.01
34 906 0.01
35 916 0.01
36 847 0.01
37 1144 0.01
38 350 0.01
39 414 0.01
40 1561 0.01
41 1844 0.01
42 82 0.01
43 946 0.01
44 1913 0.01
45 1206 0.01
46 1992 0.01
47 1086 0.01
48 557 0.01
49 796 0.02
50 1846 0.01
51 793 0.01
52 292 0.02
53 1227 0.01
54 1017 0.01
55 1629 0.01
56 1320 0.01
57 841 0.01
58 374 0.02
59 368 0.01
60 447 0.01
61 1686 0.01
62 1346 0.01
63 1376 0.02
64 969 0.01
65 1684 0.01
66 1507 0.02
67 29 0.01
68 687 0.01
69 1142 0.01
70 371 0.01
71 706 0.01
72 1380 0.02
73 275 0.01
74 1327 0.03
75 1359 0.01
76 93 0.01
77 892 0.02
78 1832 0.01
79 1536 0.01
80 511 0.02
81 692 0.01
82 212 0.02
83 303 0.01
84 281 0.01
85 665 0.01
86 108 0.02
87 265 0.01
88 1536 0.01
89 299 0.01
90 73 0.02
91 29 0.02
92 1765 0.03
93 159 0.02
94 1033 0.01
95 837 0.01
96 184 0.01
97 1363 0.01
98 860 0.01
99 495 0.01
100 18 0.01
101 1050 0.01
102 240 0.01
103 415 0.02
104 1278 0.02
105 876 0.01
106 924 0.01
107 1590 0.02
108 418 0.01
109 1160 0.01
110 1202 0.01
111 286 0.01
112 197 0.01
113 803 0.02
114 1435 0.01
115 1222 0.01
116 1885 0.01
117 1653 0.03
118 604 0.01
119 1767 0.01
120 641 0.01
121 430 0.01
122 1384 0.01
123 812 0.01
124 465 0.01
125 1120 0.01
126 1555 0.01
127 1117 0.02
128 1416 0.01
129 1764 0.01
130 523 0.01
131 173 0.01
132 111 0.02
133 1196 0.01
134 843 0.01
135 1119 0.01
136 1391 0.01
137 1777 0.01
138 1428 0.01
139 737 0.01
140 1607 0.01
141 508 0.01
142 835 0.03
143 656 0.03
144 606 0.01
145 225 0.01
146 1157 0.01
147 627 0.01
148 1515 0.01
149 770 0.01
150 964 0.01
151 1404 0.01
152 636 0.02
153 1385 0.01
154 732 0.01
155 1494 0.01
156 134 0.01
157 199 0.01
158 1793 0.01
159 456 0.01
160 197 0.01
161 1238 0.01
162 780 0.01
163 1707 0.01
164 1564 0.01
165 1767 0.01
166 1384 0.01
167 583 0.01
168 1366 0.01
169 240 0.01
170 1663 0.03
171 1006 0.01
172 981 0.01
173 1518 0.01
174 892 0.01
175 1268 0.01
176 1511 0.01
177 123 0.01
178 521 0.01
179 374 0.01
180 287 0.01
181 524 0.01
182 1444 0.01
183 788 0.01
184 1923 0.01
185 1987 0.02
186 635 0.01
187 577 0.01
188 1986 0.01
189 906 0.01
190 874 0.02
191 862 0.01
192 1117 0.01
193 1001 0.01
194 1137 0.01
195 1592 0.01
196 868 0.02
197 139 0.01
198 168 0.02
199 677 0.01
200 166 0.01
201 525 0.01
202 200 0.01
203 1405 0.03
204 1036 0.01
205 1149 0.02
206 1910 0.01
207 599 0.01
208 1837 0.01
209 412 0.01
210 1156 0.01
211 1659 0.01
212 1940 0.01
213 1917 0.01
214 1448 0.01
215 76 0.01
216 1829 0.01
217 1965 0.01
218 622 0.01
219 449 0.01
220 450 0.01
221 137 0.01
222 730 0.01
223 1775 0.01
224 611 0.02
225 706 0.01
226 1039 0.01
227 1234 0.01
228 1208 0.01
229 781 0.01
230 1384 0.01
231 457 0.01
232 1469 0.01
233 1685 0.01
234 996 0.01
235 610 0.01
236 353 0.01
237 604 0.01
238 672 0.01
239 1651 0.01
240 1975 0.01
241 168 0.02
242 1705 0.02
243 32 0.01
244 1164 0.01
245 301 0.01
246 159 0.01
247 1936 0.01
248 1116 0.01
249 536 0.01
250 1209 0.01
251 1482 0.02
252 17 0.01
253 1677 0.01
254 102 0.01
255 1543 0.04
256 1592 0.01
257 1080 0.01
258 591 0.01
259 1302 0.02
260 162 0.01
261 185 0.01
262 323 0.01
263 8 0.01
264 610 0.01
265 665 0.01
266 1227 0.01
267 166 0.01
268 1790 0.01
269 780 0.01
270 369 0.01
271 1925 0.01
272 265 0.01
273 1709 0.01
274 958 0.01
275 1126 0.01
276 1398 0.02
277 618 0.01
278 1056 0.01
279 933 0.01
280 79 0.02
281 1272 0.01
282 292 0.01
283 423 0.01
284 278 0.01
285 639 0.01
286 543 0.01
287 425 0.01
288 1675 0.01
289 48 0.01
290 1629 0.01
291 1418 0.01
292 1391 0.01
293 1287 0.01
294 448 0.01
295 1294 0.02
296 1179 0.01
297 910 0.01
298 297 0.01
299 217 0.01
300 1758 0.01
301 1320 0.01
302 1299 0.02
303 1865 0.01
304 380 0.02
305 998 0.01
306 1207 0.01
307 1897 0.01
308 1065 0.01
309 1449 0.01
310 120 0.01
311 1354 0.01
312 242 0.01
313 1437 0.02
314 809 0.01
315 1464 0.01
316 1003 0.01
317 1310 0.01
318 227 0.01
319 258 0.01
320 598 0.01
321 1689 0.01
322 207 0.01
323 294 0.01
324 220 0.02
325 1434 0.03
326 1545 0.01
327 644 0.01
328 1559 0.01
329 1555 0.01
330 310 0.01
331 1293 0.01
332 1462 0.01
333 617 0.01
334 411 0.01
335 939 0.01
336 682 0.01
337 214 0.02
338 1785 0.02
339 839 0.01
340 787 0.01
341 737 0.01
342 840 0.01
343 669 0.02
344 110 0.01
345 1141 0.01
346 68 0.01
347 1994 0.01
348 138 0.01
349 1598 0.01
350 437 0.01
351 417 0.01
352 722 0.01
353 1094 0.01
354 1547 0.01
355 590 0.01
356 374 0.02
357 611 0.02
358 1524 0.01
359 1494 0.01
360 61 0.01
361 1139 0.02
362 1865 0.01
363 1756 0.01
364 1241 0.01
365 382 0.01
366 1744 0.02
367 417 0.01
368 1070 0.02
369 698 0.01
370 209 0.01
371 251 0.01
372 1754 0.02
373 1 0.01
374 1553 0.01
375 820 0.02
376 1253 0.02
377 1808 0.01
378 709 0.01
379 971 0.01
380 83 0.01
381 777 0.01
382 1101 0.01
383 1893 0.01
384 908 0.01
385 8 0.01
386 1614 0.01
387 480 0.01
388 1346 0.01
389 1882 0.01
390 1301 0.02
391 1405 0.02
392 1816 0.02
393 826 0.01
394 1955 0.01
395 820 0.01
396 1717 0.01
397 1477 0.01
398 266 0.01
399 786 0.01
400 705 0.01
401 223 0.01
402 1020 0.01
403 1057 0.01
404 147 0.02
405 506 0.01
406 1653 0.01
407 1075 0.01
408 1920 0.01
409 1785 0.02
410 1912 0.01
411 1014 0.01
412 1160 0.01
413 888 0.01
414 176 0.01
415 912 0.01
416 425 0.01
417 506 0.01
418 880 0.01
419 812 0.01
420 418 0.01
421 508 0.03
422 1878 0.01
423 939 0.01
424 324 0.01
425 1211 0.01
426 71 0.02
427 926 0.01
428 1922 0.01
429 1228 0.01
430 665 0.01
431 1111 0.02
432 1911 0.02
433 1756 0.01
434 1718 0.01
435 547 0.01
436 1833 0.02
437 1692 0.01
438 164 0.01
439 898 0.01
440 1028 0.01
441 1516 0.01
442 23 0.01
443 590 0.01
444 657 0.01
445 1123 0.01
446 1353 0.01
447 1452 0.01
448 560 0.01
449 1 0.01
450 1767 0.01
451 818 0.01
452 819 0.02
453 1956 0.01
454 1149 0.01
455 233 0.01
456 212 0.01
457 180 0.02
458 204 0.01
459 848 0.01
460 1458 0.01
461 319 0.01
462 621 0.01
463 84 0.01
464 1642 0.01
465 1832 0.01
466 870 0.01
467 923 0.01
468 636 0.01
469 84 0.01
470 1411 0.02
471 498 0.01
472 980 0.01
473 900 0.01
474 1636 0.01
475 1968 0.02
476 253 0.01
477 1894 0.01
478 655 0.01
479 1202 0.01
480 96 0.01
481 1969 0.01
482 139 0.02
483 968 0.01
484 118 0.01
485 1356 0.01
486 1020 0.01
487 698 0.01
488 1397 0.01
489 1714 0.01
490 1964 0.01
491 1570 0.01
492 1175 0.01
493 427 0.02
494 671 0.01
495 771 0.01
496 283 0.01
497 1311 0.01
498 886 0.01
499 1474 0.01
500 986 0.02
501 748 0.01
502 722 0.01
503 105 0.01
504 1390 0.02
505 1037 0.01
506 1600 0.01
507 1385 0.02
508 311 0.01
509 1698 0.01
510 1143 0.01
511 355 0.03
512 668 0.01
513 820 0.01
514 37 0.01
515 741 0.01
516 1749 0.02
517 369 0.01
518 1494 0.01
519 682 0.01
520 1822 0.01
521 1714 0.01
522 578 0.01
523 880 0.01
524 1543 0.01
525 1711 0.01
526 1697 0.01
527 457 0.01
528 1108 0.02
529 1634 0.01
530 1 0.02
531 23 0.01
532 772 0.01
533 1405 0.01
534 481 0.02
535 1279 0.01
536 334 0.01
537 1987 0.02
538 353 0.01
539 1624 0.01
540 1121 0.01
541 1413 0.01
542 347 0.02
543 212 0.01
544 1160 0.01
545 547 0.02
546 1602 0.01
547 246 0.01
548 1202 0.01
549 52 0.01
550 1062 0.01
551 727 0.01
552 990 0.01
553 359 0.01
554 1804 0.01
555 1148 0.01
556 985 0.01
557 214 0.01
558 78 0.03
559 690 0.01
560 1858 0.01
561 977 0.01
562 1185 0.01
563 830 0.01
564 906 0.01
565 1480 0.01
566 755 0.01
567 1967 0.02
568 935 0.01
569 1717 0.01
570 1174 0.02
571 1077 0.01
572 986 0.01
573 1034 0.01
574 789 0.01
575 184 0.01
576 1941 0.01
577 695 0.01
578 1143 0.02
579 37 0.01
580 1471 0.01
581 1452 0.01
582 551 0.01
583 1767 0.01
584 36 0.01
585 899 0.01
586 917 0.01
587 1237 0.01
588 430 0.01
589 1129 0.01
590 67 0.01
591 700 0.01
592 735 0.01
593 728 0.01
594 523 0.02
595 508 0.01
596 763 0.02
597 240 0.01
598 1197 0.01
599 1106 0.01
600 770 0.02
601 1609 0.01
602 676 0.01
603 618 0.02
604 374 0.01
605 364 0.01
606 592 0.01
607 1149 0.01
608 210 0.01
609 1311 0.03
610 397 0.01
611 1855 0.01
612 1752 0.01
613 365 0.01
614 624 0.01
615 1032 0.01
616 202 0.02
617 1322 0.01
618 1200 0.01
619 1811 0.01
620 154 0.01
621 874 0.01
622 1492 0.01
623 223 0.01
624 1253 0.01
625 1301 0.01
626 1633 0.01
627 1923 0.01
628 614 0.02
629 1256 0.01
630 341 0.01
631 55 0.02
632 889 0.02
633 1204 0.01
634 1338 0.01
635 834 0.01
636 1112 0.01
637 725 0.01
638 145 0.02
639 1745 0.01
640 1513 0.01
641 1692 0.01
642 1988 0.01
643 235 0.01
644 1378 0.01
645 1922 0.01
646 1022 0.02
647 711 0.02
648 464 0.01
649 66 0.02
650 641 0.02
651 1056 0.01
652 1259 0.01
653 498 0.02
654 608 0.01
655 1851 0.01
656 149 0.03
657 1098 0.01
658 229 0.01
659 1000 0.01
660 1583 0.01
661 604 0.02
662 202 0.01
663 961 0.02
664 340 0.01
665 590 0.01
666 1410 0.02
667 1831 0.02
668 831 0.01
669 45 0.01
670 636 0.01
671 350 0.01
672 1005 0.01
673 210 0.01
674 1637 0.01
675 965 0.01
676 78 0.01
677 316 0.01
678 1908 0.01
679 322 0.01
680 1601 0.01
681 922 0.01
682 344 0.01
683 712 0.01
684 735 0.02
685 340 0.01
686 970 0.01
687 282 0.01
688 1287 0.01
689 1754 0.01
690 1227 0.01
691 1234 0.01
692 318 0.01
693 498 0.04
694 377 0.01
695 1147 0.02
696 678 0.03
697 967 0.01
698 1922 0.01
699 624 0.02
700 1333 0.01
701 1357 0.01
702 1816 0.02
703 1785 0.01
704 599 0.01
705 749 0.01
706 1798 0.01
707 1916 0.01
708 885 0.02
709 1832 0.01
710 1357 0.01
711 120 0.01
712 38 0.01
713 1202 0.02
714 442 0.01
715 356 0.01
716 1587 0.01
717 1494 0.01
718 886 0.02
719 1968 0.01
720 1707 0.01
721 1758 0.02
722 1015 0.01
723 1928 0.03
724 602 0.01
725 1002 0.01
726 1386 0.01
727 1338 0.01
728 773 0.02
729 688 0.01
730 1929 0.01
731 714 0.02
732 1707 0.01
733 192 0.01
734 1562 0.01
735 510 0.01
736 1164 0.01
737 1959 0.01
738 1180 0.01
739 624 0.02
740 981 0.01
741 1689 0.02
742 451 0.01
743 1981 0.01
744 1961 0.01
745 777 0.01
746 1060 0.01
747 82 0.01
748 397 0.01
749 1062 0.01
750 1737 0.01
751 597 0.01
752 1587 0.01
753 1035 0.01
754 265 0.01
755 607 0.01
756 441 0.01
757 775 0.01
758 1045 0.01
759 1908 0.01
760 401 0.01
761 88 0.01
762 1617 0.01
763 1759 0.01
764 1411 0.01
765 1402 0.01
766 580 0.01
767 876 0.02
768 53 0.02
769 138 0.01
770 417 0.01
771 946 0.01
772 1231 0.01
773 279 0.01
774 1951 0.01
775 506 0.01
776 1484 0.01
777 1431 0.01
778 362 0.01
779 1478 0.01
780 1524 0.01
781 1842 0.01
782 1679 0.01
783 1175 0.01
784 1963 0.01
785 594 0.01
786 1263 0.01
787 212 0.01
788 410 0.01
789 294 0.01
790 749 0.01
791 199 0.02
792 1680 0.02
793 1530 0.01
794 671 0.01
795 1306 0.01
796 821 0.01
797 1405 0.02
798 668 0.01
799 1604 0.01
800 1616 0.02
801 22 0.01
802 362 0.01
803 1089 0.02
804 983 0.01
805 774 0.01
806 970 0.01
807 179 0.02
808 788 0.01
809 1376 0.02
810 508 0.02
811 399 0.02
812 1527 0.01
813 977 0.01
814 932 0.01
815 1848 0.01
816 1934 0.01
817 785 0.01
818 1910 0.01
819 985 0.01
820 822 0.01
821 1501 0.01
822 1895 0.01
823 1658 0.01
824 227 0.01
825 121 0.01
826 618 0.01
827 1670 0.01
828 886 0.02
829 587 0.02
830 412 0.01
831 428 0.01
832 92 0.01
833 1609 0.02
834 1108 0.01
835 286 0.01
836 1063 0.01
837 1676 0.01
838 1144 0.01
839 1286 0.01
840 1826 0.01
841 17 0.01
842 1992 0.01
843 1073 0.01
844 457 0.01
845 1593 0.01
846 1153 0.01
847 137 0.01
848 1879 0.01
849 1565 0.01
850 786 0.01
851 1088 0.01
852 779 0.01
853 1721 0.01
854 1391 0.02
855 1973 0.01
856 1537 0.01
857 633 0.01
858 1614 0.01
859 1756 0.01
860 1127 0.01
861 802 0.01
862 774 0.01
863 720 0.01
864 1771 0.01
865 425 0.01
866 1370 0.01
867 388 0.01
868 65 0.01
869 667 0.01
870 1077 0.01
871 848 0.01
872 168 0.01
873 307 0.01
874 1405 0.01
875 982 0.01
876 1014 0.01
877 342 0.01
878 1936 0.01
879 1771 0.01
880 30 0.01
881 1998 0.01
882 1061 0.01
883 1776 0.02
884 1743 0.02
885 1290 0.01
886 1975 0.01
887 1273 0.01
888 881 0.01
889 1252 0.01
890 795 0.01
891 1000 0.01
892 331 0.01
893 1508 0.01
894 128 0.02
895 1118 0.01
896 664 0.01
897 879 0.01
898 988 0.01
899 1584 0.01
900 635 0.01
901 621 0.01
902 310 0.01
903 1391 0.01
904 966 0.01
905 199 0.01
906 820 0.01
907 471 0.01
908 1670 0.01
909 1477 0.03
910 939 0.01
911 458 0.01
912 1826 0.01
913 1040 0.02
914 157 0.01
915 277 0.01
916 147 0.01
917 720 0.01
918 1215 0.01
919 360 0.01
920 875 0.01
921 1722 0.04
922 1014 0.01
923 662 0.01
924 1302 0.01
925 1751 0.01
926 353 0.01
927 811 0.01
928 1725 0.01
929 55 0.01
930 1527 0.01
931 1564 0.01
932 474 0.01
933 599 0.01
934 720 0.01
935 865 0.01
936 1148 0.02
937 970 0.01
938 1034 0.01
939 1765 0.01
940 1079 0.01
941 1803 0.02
942 1684 0.01
943 63 0.03
944 1959 0.01
945 1827 0.01
946 1620 0.01
947 1377 0.01
948 583 0.01
949 1988 0.01
950 166 0.01
951 774 0.01
952 1072 0.01
953 1392 0.02
954 1177 0.01
955 820 0.01
956 1366 0.01
957 1478 0.01
958 1334 0.01
959 1895 0.01
960 1967 0.01
961 369 0.01
962 286 0.01
963 599 0.01
964 541 0.01
965 369 0.01
966 1912 0.01
967 1718 0.02
968 806 0.01
969 434 0.01
970 1326 0.01
971 1679 0.01
972 1443 0.02
973 1448 0.01
974 1899 0.01
975 872 0.01
976 1301 0.01
977 1543 0.01
978 1673 0.01
979 284 0.01
980 495 0.01
981 450 0.01
982 1456 0.01
983 930 0.01
984 87 0.01
985 1198 0.01
986 278 0.01
987 1301 0.01
988 1968 0.01
989 1315 0.01
990 1071 0.02
991 777 0.01
992 940 0.02
993 210 0.01
994 1314 0.01
995 770 0.01
996 1677 0.01
997 246 0.01
998 1179 0.01
999 1263 0.01
1000 1964 0.01
1001 722 0.01
1002 1904 0.01
1003 136 0.01
1004 1615 0.02
1005 318 0.01
1006 629 0.01
1007 1865 0.01
1008 1703 0.01
1009 1032 0.01
1010 672 0.02
1011 950 0.01
1012 892 0.01
1013 168 0.01
1014 1268 0.01
1015 453 0.01
1016 1858 0.01
1017 307 0.02
1018 79 0.01
1019 1044 0.01
1020 119 0.01
1021 848 0.01
1022 1252 0.01
1023 1332 0.01
1024 1182 0.01
1025 549 0.01
1026 1006 0.01
1027 481 0.01
1028 1238 0.01
1029 1573 0.01
1030 1675 0.01
1031 138 0.01
1032 932 0.01
1033 727 0.01
1034 553 0.01
1035 1480 0.01
1036 1097 0.01
1037 1540 0.01
1038 105 0.02
1039 757 0.01
1040 1186 0.01
1041 968 0.01
1042 1578 0.02
1043 592 0.01
1044 1299 0.01
1045 564 0.01
1046 1632 0.01
1047 1855 0.01
1048 790 0.02
1049 814 0.01
1050 954 0.01
1051 645 0.01
1052 1832 0.01
1053 307 0.01
1054 519 0.02
1055 120 0.01
1056 1299 0.01
1057 1975 0.01
1058 1307 0.01
1059 1257 0.01
1060 658 0.01
1061 796 0.01
1062 776 0.01
1063 1430 0.01
1064 1143 0.01
1065 1412 0.01
1066 382 0.01
1067 1798 0.03
1068 1462 0.03
1069 1457 0.01
1070 1073 0.01
1071 880 0.01
1072 1422 0.01
1073 824 0.01
1074 145 0.03
1075 1899 0.01
1076 1417 0.01
1077 671 0.01
1078 157 0.01
1079 362 0.02
1080 1132 0.02
1081 1946 0.03
1082 1069 0.01
1083 1338 0.01
1084 1012 0.01
1085 1088 0.01
1086 1937 0.01
1087 802 0.01
1088 278 0.01
1089 987 0.01
1090 1773 0.01
1091 1703 0.01
1092 987 0.01
1093 900 0.01
1094 1366 0.01
1095 1234 0.02
1096 1317 0.02
1097 479 0.01
1098 353 0.01
1099 808 0.01
1100 1508 0.01
1101 1527 0.01
1102 212 0.02
1103 975 0.02
1104 316 0.01
1105 636 0.01
1106 903 0.01
1107 69 0.01
1108 179 0.01
1109 1208 0.01
1110 63 0.03
1111 926 0.01
1112 901 0.01
1113 984 0.02
1114 201 0.01
1115 184 0.02
1116 1767 0.01
1117 698 0.01
1118 23 0.01
1119 1413 0.01
1120 690 0.01
1121 547 0.01
1122 938 0.01
1123 1681 0.02
1124 1988 0.01
1125 186 0.01
1126 977 0.01
1127 755 0.01
1128 681 0.02
1129 703 0.01
1130 448 0.01
1131 1724 0.01
1132 1844 0.01
1133 508 0.02
1134 763 0.01
1135 1551 0.01
1136 1097 0.02
1137 986 0.01
1138 1469 0.01
1139 506 0.01
1140 1003 0.01
1141 246 0.02
1142 1918 0.01
1143 1293 0.01
1144 786 0.01
1145 1321 0.01
1146 698 0.02
1147 962 0.01
1148 298 0.01
1149 1053 0.01
1150 1825 0.01
1151 1398 0.01
1152 900 0.02
1153 949 0.01
1154 1731 0.01
1155 622 0.01
1156 971 0.01
1157 1604 0.01
1158 1741 0.01
1159 279 0.01
1160 1679 0.01
1161 1821 0.01
1162 717 0.02
1163 1646 0.01
1164 1254 0.01
1165 1388 0.01
1166 1711 0.01
1167 509 0.01
1168 496 0.02
1169 980 0.01
1170 1636 0.03
1171 330 0.01
1172 864 0.01
1173 854 0.01
1174 433 0.01
1175 1350 0.01
1176 1035 0.01
1177 1679 0.01
1178 611 0.01
1179 1524 0.01
1180 439 0.01
1181 267 0.01
1182 14 0.01
1183 1178 0.01
1184 1408 0.02
1185 685 0.01
1186 1194 0.01
1187 684 0.02
1188 698 0.01
1189 922 0.01
1190 987 0.01
1191 42 0.01
1192 945 0.02
1193 1082 0.01
1194 362 0.01
1195 1800 0.01
1196 499 0.01
1197 608 0.02
1198 1389 0.01
1199 237 0.01
1200 1044 0.01
1201 851 0.01
1202 219 0.01
1203 468 0.01
1204 670 0.01
1205 1789 0.01
1206 1895 0.01
1207 1854 0.01
1208 1710 0.01
1209 733 0.01
1210 1293 0.01
1211 462 0.01
1212 1711 0.02
1213 1903 0.01
1214 727 0.02
1215 1369 0.01
1216 369 0.01
1217 1611 0.01
1218 302 0.01
1219 55 0.01
1220 942 0.01
1221 1920 0.01
1222 1398 0.02
1223 1892 0.02
1224 419 0.01
1225 1941 0.01
1226 97 0.01
1227 1431 0.01
1228 969 0.01
1229 6 0.02
1230 1269 0.02
1231 891 0.01
1232 211 0.01
1233 1603 0.03
1234 621 0.01
1235 1626 0.01
1236 1203 0.01
1237 1670 0.01
1238 227 0.01
1239 1183 0.01
1240 1005 0.01
1241 1495 0.01
1242 949 0.01
1243 784 0.01
1244 135 0.01
1245 1142 0.01
1246 1548 0.01
1247 1144 0.02
1248 1584 0.01
1249 126 0.01
1250 110 0.01
1251 892 0.01
1252 397 0.01
1253 664 0.01
1254 1869 0.01
1255 2 0.02
1256 1208 0.01
1257 1788 0.01
1258 1378 0.01
1259 1561 0.01
1260 1409 0.01
1261 278 0.01
1262 158 0.03
1263 717 0.01
1264 16 0.01
1265 1537 0.02
1266 1328 0.01
1267 193 0.01
1268 787 0.01
1269 742 0.01
1270 188 0.01
1271 494 0.01
1272 1861 0.01
1273 563 0.01
1274 229 0.03
1275 88 0.01
1276 1029 0.01
1277 887 0.01
1278 292 0.01
1279 1783 0.01
1280 499 0.02
1281 897 0.01
1282 372 0.01
1283 577 0.01
1284 1320 0.01
1285 414 0.01
1286 1826 0.01
1287 840 0.01
1288 1417 0.02
1289 1234 0.02
1290 979 0.01
1291 406 0.01
1292 1301 0.01
1293 849 0.01
1294 206 0.01
1295 675 0.01
1296 456 0.02
1297 405 0.01
1298 532 0.01
1299 1484 0.01
1300 565 0.01
1301 155 0.01
1302 283 0.01
1303 1549 0.01
1304 836 0.01
1305 1022 0.01
1306 680 0.01
1307 1382 0.01
1308 1607 0.01
1309 774 0.02
1310 706 0.01
1311 744 0.01
1312 1350 0.01
1313 195 0.01
1314 78 0.01
1315 1631 0.02
1316 435 0.01
1317 1889 0.01
1318 1287 0.01
1319 227 0.01
1320 1631 0.01
1321 303 0.01
1322 1287 0.01
1323 68 0.02
1324 1813 0.01
1325 967 0.02
1326 1922 0.01
1327 204 0.01
1328 781 0.01
1329 17 0.03
1330 111 0.02
1331 1973 0.02
1332 1592 0.01
1333 650 0.01
1334 207 0.02
1335 1565 0.01
1336 199 0.02
1337 118 0.01
1338 1205 0.01
1339 1826 0.01
1340 1801 0.01
1341 1825 0.02
1342 1092 0.01
1343 643 0.03
1344 779 0.01
1345 233 0.02
1346 1635 0.01
1347 1864 0.01
1348 998 0.01
1349 1516 0.01
1350 334 0.01
1351 1486 0.01
1352 282 0.01
1353 475 0.01
1354 282 0.01
1355 1648 0.01
1356 1529 0.01
1357 38 0.01
1358 1166 0.02
1359 1744 0.01
1360 315 0.01
1361 555 0.01
1362 572 0.01
1363 1647 0.01
1364 767 0.01
1365 1848 0.01
1366 286 0.01
1367 1138 0.01
1368 875 0.02
1369 612 0.01
1370 29 0.02
1371 1787 0.01
1372 1379 0.02
1373 430 0.02
1374 1317 0.02
1375 554 0.02
1376 1724 0.01
1377 908 0.01
1378 836 0.01
1379 1614 0.01
1380 1101 0.02
1381 359 0.02
1382 775 0.01
1383 208 0.01
1384 625 0.01
1385 805 0.01
1386 1794 0.01
1387 1790 0.01
1388 1236 0.01
1389 553 0.01
1390 413 0.01
1391 1405 0.01
1392 399 0.01
1393 1452 0.01
1394 165 0.02
1395 905 0.01
1396 786 0.02
1397 1635 0.01
1398 1711 0.01
1399 464 0.02
1400 1139 0.01
1401 682 0.02
1402 1658 0.01
1403 1551 0.01
1404 1290 0.01
1405 1501 0.01
1406 1446 0.01
1407 334 0.01
1408 821 0.01
1409 1504 0.01
1410 903 0.01
1411 533 0.01
1412 1177 0.01
1413 822 0.01
1414 1858 0.01
1415 254 0.01
1416 1831 0.01
1417 599 0.01
1418 657 0.02
1419 1350 0.01
1420 588 0.02
1421 502 0.01
1422 99 0.01
1423 1 0.01
1424 304 0.02
1425 1730 0.02
1426 1541 0.01
1427 1703 0.02
1428 550 0.01
1429 805 0.02
1430 691 0.01
1431 977 0.01
1432 944 0.01
1433 526 0.01
1434 604 0.01
1435 613 0.01
1436 882 0.02
1437 1604 0.02
1438 26 0.01
1439 1491 0.01
1440 1488 0.01
1441 1956 0.01
1442 1707 0.01
1443 1968 0.01
1444 411 0.01
1445 350 0.02
1446 1502 0.01
1447 95 0.01
1448 383 0.01
1449 448 0.01
1450 881 0.01
1451 1638 0.02
1452 332 0.01
1453 1538 0.01
1454 789 0.01
1455 1172 0.01
1456 1892 0.01
1457 837 0.01
1458 14 0.01
1459 751 0.02
1460 856 0.02
1461 548 0.01
1462 211 0.01
1463 489 0.01
1464 1275 0.01
1465 1949 0.02
1466 1218 0.01
1467 919 0.01
1468 1227 0.01
1469 460 0.01
1470 1294 0.01
1471 761 0.01
1472 1226 0.01
1473 805 0.01
1474 118 0.01
1475 1930 0.02
1476 254 0.01
1477 682 0.01
1478 1943 0.01
1479 35 0.01
1480 1540 0.01
1481 512 0.01
1482 322 0.01
1483 1261 0.02
1484 1969 0.01
1485 1757 0.02
1486 701 0.01
1487 1302 0.01
1488 1977 0.01
1489 1190 0.01
1490 508 0.01
1491 1198 0.01
1492 911 0.01
1493 978 0.01
1494 874 0.01
1495 651 0.01
1496 947 0.01
1497 565 0.01
1498 1328 0.01
1499 1278 0.04
1500 167 0.02
1501 373 0.01
1502 76 0.01
1503 1744 0.01
1504 790 0.01
1505 396 0.02
1506 408 0.02
1507 1423 0.01
1508 1655 0.01
1509 1089 0.01
1510 1392 0.01
1511 770 0.01
1512 1794 0.02
1513 750 0.01
1514 1481 0.01
1515 107 0.01
1516 1721 0.01
1517 1278 0.03
1518 518 0.02
1519 1474 0.01
1520 674 0.01
1521 479 0.01
1522 147 0.01
1523 1130 0.02
1524 1199 0.01
1525 882 0.01
1526 219 0.03
1527 1600 0.01
1528 1122 0.01
1529 1132 0.01
1530 1721 0.01
1531 1513 0.01
1532 1208 0.01
1533 1476 0.01
1534 190 0.01
1535 1730 0.02
1536 1886 0.01
1537 264 0.01
1538 1160 0.01
1539 686 0.01
1540 1310 0.01
1541 553 0.02
1542 1616 0.02
1543 212 0.01
1544 1856 0.02
1545 1014 0.01
1546 1503 0.01
1547 1028 0.01
1548 610 0.01
1549 955 0.01
1550 1254 0.01
1551 1194 0.01
1552 949 0.02
1553 1405 0.01
1554 1427 0.01
1555 456 0.01
1556 1527 0.01
1557 1337 0.01
1558 6 0.01
1559 733 0.01
1560 347 0.01
1561 184 0.01
1562 608 0.01
1563 707 0.01
1564 932 0.01
1565 292 0.01
1566 945 0.02
1567 261 0.01
1568 1235 0.02
1569 735 0.01
1570 1487 0.01
1571 902 0.01
1572 494 0.01
1573 1159 0.01
1574 1158 0.01
1575 1269 0.01
1576 21 0.01
1577 873 0.01
1578 1855 0.01
1579 1551 0.01
1580 963 0.01
1581 658 0.02
1582 1044 0.01
1583 300 0.01
1584 1800 0.01
1585 352 0.01
1586 847 0.02
1587 1171 0.01
1588 636 0.02
1589 904 0.03
1590 111 0.01
1591 227 0.01
1592 1691 0.01
1593 428 0.01
1594 522 0.03
1595 1703 0.03
1596 572 0.02
1597 976 0.01
1598 1362 0.01
1599 1105 0.01
1600 179 0.01
1601 321 0.01
1602 1147 0.01
1603 487 0.01
1604 851 0.01
1605 64 0.01
1606 643 0.04
1607 311 0.01
1608 1751 0.02
1609 236 0.01
1610 229 0.01
1611 465 0.01
1612 1849 0.01
1613 488 0.01
1614 850 0.01
1615 700 0.02
1616 1767 0.01
1617 428 0.01
1618 450 0.01
1619 728 0.01
1620 1553 0.01
1621 99 0.01
1622 1434 0.02
1623 906 0.02
1624 371 0.01
1625 369 0.02
1626 416 0.01
1627 1665 0.02
1628 91 0.01
1629 977 0.01
1630 1981 0.01
1631 533 0.01
1632 985 0.01
1633 1696 0.01
1634 1946 0.01
1635 450 0.01
1636 316 0.01
1637 655 0.01
1638 679 0.01
1639 956 0.01
1640 301 0.01
1641 123 0.03
1642 1094 0.01
1643 636 0.01
1644 149 0.01
1645 1895 0.01
1646 1293 0.01
1647 1338 0.01
1648 715 0.01
1649 1565 0.02
1650 935 0.01
1651 1927 0.01
1652 1177 0.01
1653 1827 0.01
1654 1705 0.01
1655 442 0.01
1656 1579 0.01
1657 317 0.02
1658 96 0.01
1659 1798 0.01
1660 715 0.02
1661 220 0.02
1662 1416 0.01
1663 36 0.02
1664 26 0.01
1665 889 0.01
1666 277 0.01
1667 556 0.01
1668 161 0.01
1669 753 0.01
1670 1851 0.01
1671 1965 0.01
1672 1938 0.01
1673 572 0.01
1674 1692 0.02
1675 354 0.01
1676 139 0.01
1677 1050 0.01
1678 1228 0.01
1679 29 0.01
1680 764 0.01
1681 1031 0.01
1682 1873 0.01
1683 1384 0.02
1684 1652 0.01
1685 1971 0.01
1686 1892 0.01
1687 1211 0.02
1688 1350 0.01
1689 1923 0.01
1690 826 0.01
1691 71 0.01
1692 1484 0.01
1693 1850 0.01
1694 1120 0.01
1695 386 0.01
1696 1143 0.01
1697 508 0.01
1698 1477 0.01
1699 1866 0.01
1700 876 0.02
1701 1419 0.01
1702 159 0.02
1703 1185 0.01
1704 778 0.02
1705 1741 0.01
1706 828 0.01
1707 1898 0.01
1708 1677 0.01
1709 390 0.01
1710 955 0.01
1711 311 0.01
1712 1008 0.01
1713 44 0.01
1714 610 0.01
1715 399 0.02
1716 43 0.01
1717 778 0.01
1718 1778 0.01
1719 1008 0.01
1720 262 0.02
1721 1679 0.01
1722 939 0.02
1723 1037 0.02
1724 956 0.01
1725 891 0.01
1726 488 0.01
1727 796 0.02
1728 1631 0.02
1729 169 0.01
1730 1798 0.01
1731 1240 0.01
1732 454 0.01
1733 89 0.01
1734 918 0.01
1735 1556 0.01
1736 1936 0.01
1737 157 0.01
1738 441 0.02
1739 1368 0.01
1740 1005 0.02
1741 1410 0.01
1742 26 0.01
1743 102 0.01
1744 1319 0.01
1745 1154 0.01
1746 896 0.02
1747 1292 0.02
1748 1319 0.01
1749 1895 0.01
1750 1432 0.01
1751 256 0.01
1752 771 0.01
1753 334 0.02
1754 89 0.01
1755 1111 0.01
1756 1754 0.01
1757 1832 0.01
1758 360 0.01
1759 1245 0.01
1760 1470 0.01
1761 1379 0.02
1762 230 0.01
1763 1173 0.01
1764 147 0.01
1765 1250 0.01
1766 1914 0.01
1767 1692 0.01
1768 580 0.01
1769 1914 0.02
1770 1461 0.02
1771 1886 0.01
1772 1690 0.01
1773 472 0.01
1774 52 0.01
1775 956 0.01
1776 329 0.01
1777 1924 0.01
1778 71 0.01
1779 108 0.01
1780 1470 0.01
1781 256 0.03
1782 82 0.01
1783 1405 0.02
1784 904 0.02
1785 1686 0.01
1786 141 0.02
1787 489 0.01
1788 1865 0.01
1789 1034 0.01
1790 976 0.01
1791 71 0.02
1792 268 0.01
1793 502 0.01
1794 805 0.01
1795 601 0.01
1796 1922 0.01
1797 1182 0.01
1798 1940 0.01
1799 988 0.01
1800 1410 0.01
1801 1842 0.02
1802 227 0.02
1803 1164 0.01
1804 937 0.01
1805 1751 0.02
1806 1449 0.01
1807 896 0.01
1808 793 0.01
1809 400 0.01
1810 1377 0.01
1811 1001 0.01
1812 83 0.01
1813 587 0.01
1814 1969 0.01
1815 1175 0.01
1816 771 0.01
1817 201 0.02
1818 836 0.01
1819 1422 0.02
1820 1931 0.01
1821 1560 0.01
1822 636 0.01
1823 1105 0.02
1824 102 0.01
1825 1988 0.01
1826 418 0.01
1827 1969 0.01
1828 792 0.01
1829 1835 0.01
1830 1448 0.01
1831 282 0.01
1832 1116 0.01
1833 300 0.02
1834 1487 0.01
1835 1887 0.01
1836 663 0.03
1837 568 0.01
1838 502 0.02
1839 761 0.01
1840 654 0.02
1841 1643 0.01
1842 945 0.01
1843 1480 0.01
1844 1293 0.01
1845 1537 0.01
1846 846 0.01
1847 899 0.02
1848 1671 0.01
1849 1047 0.01
1850 726 0.01
1851 1645 0.01
1852 1489 0.01
1853 1018 0.01
1854 385 0.01
1855 692 0.01
1856 1291 0.01
1857 308 0.02
1858 311 0.01
1859 491 0.01
1860 1210 0.01
1861 611 0.01
1862 1548 0.01
1863 834 0.01
1864 1016 0.01
1865 946 0.01
1866 583 0.01
1867 176 0.01
1868 980 0.01
1869 462 0.01
1870 150 0.01
1871 901 0.02
1872 375 0.01
1873 254 0.02
1874 979 0.01
1875 766 0.01
1876 1938 0.01
1877 1558 0.01
1878 202 0.01
1879 1227 0.01
1880 705 0.02
1881 344 0.02
1882 1677 0.01
1883 1497 0.01
1884 1292 0.01
1885 1252 0.01
1886 882 0.01
1887 1491 0.01
1888 886 0.01
1889 1159 0.01
1890 1564 0.01
1891 105 0.01
1892 359 0.01
1893 1019 0.01
1894 451 0.02
1895 604 0.01
1896 1291 0.01
1897 1620 0.01
1898 722 0.01
1899 430 0.01
1900 1788 0.02
1901 1423 0.03
1902 1025 0.01
1903 465 0.02
1904 1917 0.01
1905 1618 0.01
1906 1931 0.01
1907 1338 0.01
1908 607 0.01
1909 686 0.01
1910 282 0.01
1911 1037 0.01
1912 615 0.01
1913 322 0.01
1914 1868 0.01
1915 930 0.01
1916 347 0.01
1917 334 0.01
1918 1326 0.01
1919 1220 0.02
1920 1690 0.01
1921 1051 0.01
1922 462 0.01
1923 1956 0.01
1924 1462 0.01
1925 1551 0.01
1926 796 0.02
1927 1450 0.01
1928 1323 0.02
1929 1718 0.01
1930 57 0.02
1931 802 0.01
1932 1473 0.02
1933 977 0.02
1934 1764 0.01
1935 383 0.01
1936 1776 0.02
1937 1676 0.01
1938 1002 0.01
1939 334 0.01
1940 1501 0.01
1941 956 0.01
1942 1477 0.01
1943 581 0.01
1944 1607 0.03
1945 826 0.01
1946 664 0.01
1947 1856 0.01
1948 290 0.01
1949 1457 0.01
1950 1015 0.01
1951 1106 0.01
1952 1789 0.01
1953 1117 0.01
1954 105 0.01
1955 1733 0.01
1956 110 0.01
1957 1409 0.02
1958 983 0.03
1959 179 0.01
1960 901 0.02
1961 524 0.01
1962 1107 0.02
1963 1744 0.01
1964 1407 0.01
1965 1494 0.01
1966 991 0.02
1967 944 0.01
1968 159 0.01
1969 821 0.01
1970 1576 0.01
1971 1516 0.01
1972 405 0.03
1973 40 0.01
1974 1431 0.01
1975 227 0.01
1976 641 0.02
1977 240 0.01
1978 1866 0.01
1979 937 0.01
1980 1180 0.01
1981 1729 0.01
1982 279 0.01
1983 1009 0.01
1984 382 0.01
1985 974 0.01
1986 930 0.01
1987 118 0.01
1988 1211 0.01
1989 1472 0.01
1990 1304 0.01
1991 1307 0.01
1992 988 0.01
1993 1161 0.02
1994 737 0.01
1995 1177 0.02
1996 1007 0.01
1997 1978 0.01
1998 1027 0.01
1999 1184 0.02
2000 1905 0.01
