600
599
2 575 1.15
3 332 1.75
4 338 2.1
5 277 0.74
6 313 0.83
7 365 0.36
8 418 1.7
9 527 2.03
10 537 2.11
11 91 2.71
12 23 0.1
13 198 1.55
14 351 0.74
15 369 2.06
16 93 1.28
17 575 1.13
18 195 2.76
19 204 1.32
20 537 1
21 467 0.13
22 270 0.7
23 531 0.35
24 184 2.23
25 219 0.61
26 191 1.81
27 467 1.42
28 406 4.54
29 541 0.75
30 505 0.5
31 482 0.85
32 491 1.45
33 232 0.83
34 530 0.94
35 218 3.4
36 369 0.39
37 564 0.56
38 351 5.07
39 198 3.41
40 220 1.94
41 484 0.73
42 586 1.13
43 294 3.01
44 292 1.37
45 477 0.31
46 441 0.57
47 430 2.67
48 130 0.42
49 555 1.52
50 567 3.39
51 92 1.21
52 573 2.43
53 371 5.52
54 238 0.09
55 472 0.28
56 408 0.77
57 352 1.11
58 537 1.43
59 157 1.28
60 428 3.24
61 474 1.95
62 48 0.78
63 126 1.46
64 596 1.42
65 365 0.44
66 309 4.17
67 19 0.52
68 427 1.48
69 221 0.87
70 158 0.04
71 73 3.22
72 430 1.81
73 150 1.93
74 397 1.9
75 182 0.03
76 67 0.12
77 115 1.17
78 165 1.52
79 538 1.27
80 123 2.31
81 600 0.93
82 310 1.91
83 564 0.39
84 193 1.73
85 46 1.57
86 487 1.07
87 313 1.6
88 213 2.97
89 173 4.44
90 305 4.9
91 547 1.61
92 138 2.17
93 392 0.58
94 375 1.27
95 58 1.65
96 499 0.11
97 421 0.66
98 518 4.04
99 169 1.85
100 475 0.81
101 364 5.09
102 127 2.69
103 42 0.11
104 550 0.37
105 429 0.28
106 62 1.97
107 462 3.35
108 530 7.59
109 321 4.3
110 210 0.2
111 19 2.18
112 234 0.44
113 168 1.93
114 41 0.79
115 256 1.88
116 569 1.42
117 580 2.61
118 125 1.58
119 261 0.3
120 247 0.67
121 59 2.25
122 300 1.02
123 418 2.05
124 339 1.94
125 333 1.47
126 403 0.34
127 270 0.72
128 410 1.31
129 25 1.18
130 41 0.32
131 324 0.33
132 409 4.36
133 9 1.47
134 415 1.88
135 265 1.1
136 257 0.97
137 410 0.61
138 141 0.55
139 560 1.52
140 331 0.75
141 85 0.01
142 173 1.02
143 146 2.74
144 536 1.78
145 250 6.22
146 510 2.19
147 567 0.68
148 234 1.28
149 564 0.83
150 295 0.6
151 272 1.09
152 402 0.91
153 158 2.02
154 48 3.24
155 459 1.1
156 262 0.91
157 46 1.8
158 574 0.71
159 20 0.23
160 101 5.33
161 351 1.28
162 257 1.02
163 576 0.89
164 507 2.64
165 366 0.1
166 148 1.72
167 596 2.01
168 466 3.23
169 140 0.13
170 147 1.08
171 550 0.82
172 34 2.93
173 471 0.45
174 2 6.39
175 338 2.16
176 189 1.58
177 70 2.19
178 288 1
179 134 2.39
180 576 0.95
181 582 0.92
182 256 1.46
183 419 2.23
184 537 2.22
185 511 0.1
186 525 3.82
187 227 0.95
188 77 0.18
189 208 2.12
190 17 0.09
191 585 1.95
192 387 1.42
193 470 0.01
194 257 0.12
195 356 0.05
196 215 2.91
197 451 1.25
198 251 0.86
199 453 2.24
200 471 0.79
201 298 0.68
202 561 2.61
203 232 1.4
204 507 1.64
205 5 3.26
206 427 1.56
207 474 1.65
208 198 0.9
209 550 3.09
210 82 2.43
211 112 1.49
212 360 4.65
213 235 1.19
214 263 1.8
215 450 4.66
216 544 1.68
217 17 5.7
218 187 0.56
219 58 0.74
220 224 0.72
221 246 1.82
222 306 0.56
223 283 1.95
224 124 1.81
225 104 2.65
226 354 0.31
227 125 0.58
228 173 2.35
229 427 1.24
230 232 1.49
231 345 0.58
232 152 0.22
233 85 0.57
234 537 1.28
235 306 1.34
236 552 1.08
237 357 0.92
238 544 1.88
239 219 0.26
240 384 3.24
241 316 1.83
242 36 0.04
243 159 1.65
244 351 0.88
245 593 1.12
246 112 1.22
247 417 1.5
248 291 0.43
249 580 0.19
250 433 1.08
251 557 1.26
252 229 0.91
253 372 1.9
254 461 0.53
255 596 1.9
256 407 1.01
257 229 1.26
258 568 6.7
259 270 1.68
260 4 1.46
261 121 1.13
262 578 2.72
263 321 0.13
264 170 1.82
265 415 0.51
266 182 2.47
267 291 1.98
268 257 0.22
269 316 2.65
270 330 0.76
271 428 0.39
272 295 0.79
273 316 3.49
274 254 2.82
275 179 2.66
276 151 3.02
277 40 1.48
278 387 0.75
279 163 2.07
280 188 0.95
281 343 0.13
282 248 0.41
283 279 0.89
284 581 0.28
285 554 3
286 504 0.07
287 224 1.72
288 163 0.73
289 425 1.55
290 203 2.06
291 58 1.33
292 178 0.65
293 30 2
294 236 0.38
295 318 1.59
296 569 1.99
297 43 2.34
298 501 0.98
299 450 1.55
300 545 1.55
301 169 0.1
302 357 2.81
303 423 1.02
304 47 0.23
305 247 0.52
306 364 0.5
307 237 1.08
308 295 0.23
309 561 1.52
310 587 0.58
311 358 0.59
312 329 1.47
313 203 0.33
314 229 0.97
315 374 0.6
316 118 1.16
317 211 2.5
318 383 0.31
319 200 3.06
320 118 1.08
321 417 1.35
322 575 0.59
323 394 3.98
324 261 0.21
325 436 1.1
326 498 2.22
327 133 1.96
328 507 4.19
329 512 0.13
330 457 1.39
331 419 0.32
332 23 1.79
333 598 0.04
334 14 1.87
335 277 1.7
336 590 1.5
337 445 0.78
338 207 1.68
339 242 1.03
340 204 1.36
341 548 2.61
342 203 1.76
343 337 1.08
344 269 3.84
345 192 0.7
346 142 0.11
347 221 3.37
348 151 0.31
349 86 3.06
350 297 0.22
351 404 1.2
352 298 0.33
353 534 3.17
354 383 0.54
355 418 1.74
356 513 0.91
357 218 1.59
358 283 0.89
359 78 1.41
360 507 0.11
361 47 1.02
362 239 2.68
363 46 4.08
364 599 1.6
365 435 1.25
366 503 0.52
367 439 0.43
368 518 1.95
369 173 1.81
370 27 2.33
371 88 2.06
372 423 2.96
373 576 2.11
374 393 1.3
375 459 0.15
376 561 1.55
377 163 0.91
378 338 1.31
379 400 5.47
380 254 0.08
381 169 0.95
382 75 1.19
383 459 1.29
384 544 0.59
385 510 1.65
386 236 0.76
387 142 1.85
388 504 2.22
389 243 1.78
390 67 2.29
391 306 1.4
392 563 0.8
393 331 2.24
394 337 1.45
395 454 4.26
396 482 0.91
397 83 0.46
398 19 0.56
399 338 3.25
400 195 0.49
401 11 2.87
402 585 0.84
403 330 0.23
404 525 1.59
405 128 0.64
406 438 0.6
407 417 1.19
408 119 2.17
409 277 1.79
410 592 0.24
411 89 5.08
412 497 0.2
413 284 1.28
414 175 1.17
415 382 1.86
416 558 0.06
417 405 0.95
418 94 0.62
419 252 0.17
420 97 1.5
421 111 0.16
422 363 0.28
423 435 0.38
424 218 1.61
425 17 1.1
426 303 0.8
427 219 0.71
428 77 2.12
429 142 0.74
430 220 2.1
431 298 1.22
432 332 1.99
433 544 1.25
434 494 3.4
435 70 0.38
436 162 0.94
437 570 1.71
438 590 0.9
439 24 1.32
440 454 2.07
441 396 0.02
442 100 0.7
443 377 3.11
444 516 1.73
445 525 1.4
446 496 0.95
447 31 1.1
448 491 1.62
449 439 1.35
450 429 2.16
451 384 0.02
452 564 2.26
453 204 1.58
454 542 2.24
455 567 1.35
456 504 0.38
457 138 0.43
458 286 0.7
459 491 1.31
460 192 3.53
461 283 2.12
462 295 1.43
463 484 0.42
464 76 2.16
465 472 2.89
466 556 4.16
467 144 0.99
468 351 1.17
469 459 1.82
470 529 0.05
471 587 0.98
472 515 1.65
473 523 1.55
474 375 1.02
475 303 0.47
476 438 1.55
477 358 0.63
478 167 1.37
479 6 0.65
480 285 5.9
481 561 4.68
482 243 0.3
483 36 3.09
484 151 0.03
485 457 0.74
486 316 1.26
487 441 0.8
488 355 2.41
489 195 1.48
490 233 1.55
491 219 0.87
492 520 3.42
493 140 1.63
494 392 1.53
495 131 2.59
496 236 1.32
497 219 3.13
498 295 0.97
499 62 0.84
500 44 0.4
501 383 0.54
502 452 1.13
503 2 1.61
504 159 1.68
505 537 1.77
506 380 1.43
507 541 1.21
508 384 2.72
509 486 0.95
510 454 0.82
511 396 2.66
512 495 2.55
513 244 0.08
514 298 0.84
515 462 1.83
516 36 0.88
517 464 2.3
518 141 0.96
519 287 2.16
520 332 0.54
521 259 1.96
522 316 1.58
523 79 0.6
524 68 1.36
525 206 0.2
526 106 0.85
527 366 1.01
528 346 3.92
529 140 0.19
530 120 1.93
531 487 1.44
532 470 4.7
533 526 1.77
534 111 0.38
535 511 2.11
536 247 0.31
537 365 0.16
538 22 1.6
539 84 2.26
540 247 1.12
541 482 0.54
542 577 0.28
543 426 2.17
544 429 0.12
545 588 0.05
546 215 2.89
547 55 1.27
548 458 0.33
549 235 2.02
550 331 1.63
551 201 0.22
552 8 0.84
553 558 2.04
554 444 1.97
555 501 0.76
556 460 3.51
557 264 0.72
558 378 1.6
559 326 3.57
560 479 2.63
561 29 0.86
562 295 1.32
563 246 1.05
564 280 0.2
565 591 2.64
566 500 4.36
567 346 1.54
568 441 0.69
569 542 1.08
570 129 1.71
571 516 4.14
572 287 3
573 92 0.38
574 598 0.87
575 418 0.93
576 529 1.06
577 479 0.83
578 112 1.06
579 205 0.47
580 235 0.33
581 19 0.22
582 495 0.82
583 51 2.73
584 28 4.56
585 158 0.49
586 180 3.02
587 538 0.75
588 458 1.98
589 359 0.58
590 129 0.14
591 524 0.51
592 431 0.64
593 342 0.71
594 86 3.2
595 189 3.21
596 564 1.36
597 130 0.45
598 1 2.03
599 431 0.64
600 552 0.89
