6000
5999
2 185 1.06
3 4532 0.03
4 526 1.68
5 2857 2.6
6 2239 4.81
7 3254 0.31
8 3981 1.46
9 1840 1.78
10 4531 1.67
11 2175 1.76
12 4361 2
13 2920 1.25
14 2678 1.25
15 4992 0.2
16 3181 7.41
17 2366 0.6
18 5068 0.15
19 2613 2.1
20 2143 6.1
21 3361 1.39
22 5417 1.29
23 5387 0.55
24 4463 1.17
25 5377 3.17
26 1404 0.42
27 5256 2.68
28 3348 1.25
29 1657 0.53
30 3238 1.36
31 571 1.66
32 4939 1.15
33 832 0.83
34 1907 1.1
35 4975 0.87
36 729 0.69
37 4582 0.05
38 4157 2.47
39 4974 0.15
40 3795 3.21
41 1314 0.79
42 1193 1.86
43 361 1.18
44 1851 1.71
45 2089 1.52
46 361 1.45
47 4421 1.07
48 2434 0.91
49 4362 0.13
50 4142 1.14
51 4301 2.12
52 124 1.1
53 52 9.99
54 5095 0.61
55 4148 1.26
56 2892 0.82
57 4029 2.88
58 3061 0.17
59 530 0.67
60 414 0.89
61 881 1.82
62 730 1.18
63 4523 0.94
64 765 3.02
65 2312 1.24
66 249 1.44
67 29 0.76
68 1124 1.36
69 2366 0.79
70 2033 4.03
71 2347 5.69
72 5003 0.81
73 150 1.93
74 5652 2.96
75 86 0.09
76 2616 1.57
77 5521 0.56
78 5552 0.5
79 3058 1.38
80 4717 0.81
81 3844 6.41
82 5084 0.76
83 2338 0.54
84 4885 0.31
85 3188 1.25
86 5466 1.55
87 1841 2.03
88 2232 1.44
89 197 1.92
90 531 3.48
91 3457 4.8
92 3499 1.32
93 715 0.07
94 5594 1.39
95 1334 1.35
96 2312 0.11
97 3762 2.19
98 5335 0.06
99 2015 1.01
100 2900 1.27
101 454 0.44
102 3575 0.93
103 3811 3.31
104 4953 1.33
105 2592 0.69
106 499 4.89
107 2947 1.24
108 3965 0.37
109 2898 1.36
110 1186 0.1
111 3515 0.31
112 2013 3.02
113 3524 1.37
114 113 9.99
115 3949 1.64
116 5634 5.61
117 5328 2.67
118 2546 1.53
119 1014 0.21
120 2281 1.49
121 3986 1.24
122 2788 1.01
123 4175 0.45
124 2420 0.9
125 933 1.47
126 4212 0.24
127 903 3.23
128 339 0.58
129 475 1.52
130 3337 1.14
131 3539 1.22
132 5772 0.91
133 534 1.22
134 4730 1.08
135 2985 1.46
136 5239 0.26
137 5613 1.3
138 5678 0.33
139 3600 1.99
140 3827 0.57
141 1864 0.83
142 5602 1.53
143 1214 0.15
144 3499 3.27
145 2178 0.33
146 214 1.67
147 470 0.44
148 4644 3.34
149 4753 0.17
150 4533 5.17
151 2621 1.39
152 3920 1.74
153 4371 2.35
154 3661 0.19
155 3256 0.79
156 2096 1.71
157 2695 1.37
158 1123 3.52
159 5164 1.92
160 2817 1.24
161 3060 2
162 3465 0.24
163 1535 0.72
164 5389 2.01
165 390 0.45
166 355 1.58
167 4877 0.24
168 341 1.77
169 3998 3.27
170 3242 1.04
171 1379 1.46
172 3782 0.46
173 3139 1.09
174 1335 1.69
175 3651 1.62
176 1492 0.6
177 3017 3.17
178 1355 0.33
179 5406 2.85
180 1391 2.42
181 2259 1.03
182 4863 0.78
183 2514 0.18
184 5862 0.97
185 1920 2.75
186 5076 1.26
187 1658 2.23
188 5152 2.01
189 5571 2.99
190 3515 2.24
191 4015 1.36
192 2087 1.33
193 5022 1.35
194 4885 2.45
195 5023 0.13
196 1776 3.08
197 5087 1.39
198 600 4.9
199 5293 3.99
200 2335 3.62
201 2200 0.36
202 4465 2.17
203 5862 1.24
204 4842 0.18
205 45 3.11
206 3995 1.08
207 5492 2.21
208 5212 3.12
209 2692 1.31
210 176 2.59
211 1364 0.4
212 5864 1.32
213 1342 1.14
214 1334 1.24
215 5249 4.22
216 4872 1.27
217 1977 1.01
218 2769 1.02
219 4941 0.75
220 4030 2.1
221 3279 1.48
222 1661 0.15
223 1578 0.97
224 2199 0.21
225 3567 0.37
226 5583 0.05
227 2587 0.95
228 5947 2.08
229 1457 1.26
230 4521 1.22
231 3429 4.24
232 2874 2.86
233 3756 0.59
234 3954 2.21
235 5612 0.65
236 230 2.79
237 511 0.65
238 5326 2.48
239 5543 1.91
240 1660 1.57
241 9 3.68
242 1923 4.88
243 4289 2
244 5603 1.3
245 1808 2.8
246 3048 1.27
247 3067 3.21
248 4371 1.23
249 988 0.9
250 4633 1.08
251 1355 1.09
252 237 1.87
253 2296 3.3
254 2272 1.82
255 2603 0.89
256 302 1.77
257 4758 0.73
258 4336 1.79
259 5465 1.48
260 3256 1.25
261 719 0.3
262 4527 4.17
263 295 1.11
264 3112 1.07
265 636 1.71
266 5906 1.22
267 1625 0.7
268 698 3.72
269 4695 2.15
270 3330 0.41
271 316 0.24
272 5666 0.66
273 386 0.3
274 309 1.96
275 68 1.08
276 1579 0.45
277 2566 1.36
278 1535 1.62
279 5719 0.57
280 4684 1.43
281 218 0.48
282 3944 0.06
283 5464 2.91
284 3762 0.62
285 4541 0.35
286 112 0.6
287 2378 1.68
288 5389 3.29
289 2960 0.79
290 2074 4.33
291 1800 2.65
292 155 2.98
293 2176 2.98
294 5731 3.06
295 2733 0.18
296 5309 3.08
297 1787 1.08
298 3600 2.34
299 3592 0.09
300 3855 1.75
301 166 1.71
302 1982 0.21
303 1626 0.8
304 2852 1.14
305 5566 3.72
306 1441 1.6
307 377 1.02
308 1385 2.48
309 3400 2.81
310 4133 3.27
311 3932 1.15
312 1368 0.28
313 3219 0.82
314 2998 1.76
315 4557 0.12
316 5667 1.08
317 4555 2.12
318 1859 0.64
319 2970 1.61
320 5930 0.75
321 4982 0.87
322 2087 0.11
323 4029 0.77
324 2812 2.16
325 1336 4.42
326 15 0.65
327 1896 1.48
328 5899 0.61
329 1997 2.23
330 3611 0.27
331 77 2.21
332 1585 1.46
333 1725 0.48
334 5020 0.75
335 4429 1.95
336 5535 0.2
337 2033 0.83
338 3145 0.32
339 5270 0.3
340 635 0.39
341 3494 1.33
342 1950 2.74
343 4533 1.97
344 3842 0.72
345 3476 1.16
346 3459 0.67
347 3779 1.76
348 2585 0.65
349 1717 0.64
350 1432 3.41
351 230 0.32
352 3834 1.47
353 5062 0.16
354 1863 1.34
355 5995 1.24
356 5962 2.67
357 2158 0.59
358 1399 2.34
359 5079 0.7
360 4020 2.04
361 4794 1.34
362 4409 1.6
363 3648 1.09
364 5838 3.87
365 3658 2.32
366 2412 1.83
367 479 2.4
368 380 0.07
369 1504 1.77
370 4572 0.8
371 4473 1.65
372 5158 0.37
373 4205 2.2
374 2153 7.1
375 462 0.49
376 3884 0.72
377 352 1.12
378 1457 1.84
379 740 0.81
380 430 0.82
381 3932 0.68
382 3634 0.91
383 3981 2.65
384 5669 2.32
385 743 1.95
386 3048 1.39
387 1387 2.72
388 3343 1.2
389 3296 1.82
390 5007 1.73
391 2158 0.23
392 770 1
393 2286 2.22
394 572 2.92
395 332 0.93
396 3022 2.3
397 1987 2.72
398 2166 1.51
399 3141 1.29
400 3405 0.24
401 2578 2.16
402 4099 1.55
403 2712 3.86
404 2886 0.02
405 128 0.64
406 5904 0.69
407 5983 1.22
408 2516 0.52
409 2437 0.91
410 244 0.27
411 93 4.87
412 4674 3.28
413 3419 1.83
414 59 1.14
415 366 1.32
416 5147 0.32
417 4013 0.53
418 2422 0.45
419 5281 1.67
420 3291 1.77
421 1584 2.42
422 4224 0.84
423 3390 0.95
424 4470 4.86
425 4381 0.23
426 1832 0.54
427 1807 0.68
428 1618 0.7
429 4975 0.67
430 987 1.66
431 4270 2.41
432 3288 1.71
433 764 0.7
434 1089 0.59
435 124 1.42
436 636 1.69
437 4384 0.71
438 1368 0.33
439 2613 1.41
440 29 0.04
441 5081 1.23
442 2897 0.23
443 2285 1.52
444 3808 1.54
445 5518 2.69
446 4703 1.41
447 5215 1.22
448 1376 1.07
449 1393 0.7
450 3016 4.83
451 2254 2.31
452 3731 1.73
453 306 1.42
454 1104 1.31
455 2777 0.91
456 5017 2.15
457 2919 0.25
458 4148 0.33
459 702 2.42
460 4483 2.4
461 648 0.24
462 2907 0.27
463 4861 2.29
464 1783 1.79
465 4767 1.18
466 414 2.01
467 2916 0.42
468 298 2.55
469 4275 2.14
470 2541 0.25
471 5053 3.51
472 3570 1.66
473 1216 2.25
474 1504 1.6
475 4707 0.89
476 2859 3.13
477 1844 0.06
478 210 0.73
479 4498 2.35
480 1788 3.96
481 4821 1.67
482 5196 0.91
483 2757 0.83
484 4244 0.38
485 3682 2.68
486 1457 0.27
487 3414 1.29
488 3717 2.22
489 5669 0.34
490 1881 4.33
491 3456 3.34
492 698 2.98
493 5501 0.69
494 654 0.15
495 5526 0.5
496 575 0.24
497 625 2.84
498 2090 2.67
499 4558 1.32
500 3 0.19
501 1437 2.54
502 2174 1.65
503 17 1.52
504 845 1.75
505 4658 1.32
506 3294 0.62
507 5751 2.78
508 2236 0.75
509 3987 1.02
510 3242 0.72
511 4964 1.4
512 3552 2.19
513 3629 0.24
514 713 0.36
515 1695 2.04
516 163 0.66
517 3659 1.3
518 45 1.97
519 484 2.71
520 5072 4.43
521 1157 0.21
522 1916 1.32
523 466 2.62
524 5722 0.42
525 1942 0.96
526 5857 0.64
527 5263 1.19
528 508 1.43
529 2379 3.79
530 5251 1.37
531 468 2.53
532 5698 2.71
533 2184 0.42
534 2513 1.44
535 5423 0.55
536 5552 0.97
537 3839 1.83
538 2993 3.69
539 5437 3.79
540 844 0.67
541 4138 1.05
542 3942 0.95
543 3620 0.93
544 826 0.05
545 187 2.25
546 5137 8.6
547 3684 1.67
548 3070 1.03
549 3818 1.28
550 4304 0.37
551 2100 0.17
552 4043 0.25
553 3390 1.56
554 5399 4.87
555 3648 1.02
556 3028 1.65
557 3251 1.26
558 168 0.89
559 5946 1.51
560 5991 1.33
561 809 0.04
562 5781 2.7
563 4822 3.56
564 2508 1.6
565 3372 0.47
566 1725 0.3
567 4214 1.69
568 5014 0.07
569 3664 0.76
570 4300 0.41
571 1391 0.58
572 3039 1.21
573 628 0.68
574 2160 1.98
575 1720 0.57
576 151 1.11
577 5842 1.99
578 5858 1.35
579 3262 6.51
580 5225 0.33
581 339 2.19
582 4782 1.67
583 214 2.04
584 4878 0.03
585 1908 1.2
586 4375 0.52
587 100 7.57
588 452 0.48
589 3371 1.25
590 432 0.18
591 5382 0.42
592 904 1.5
593 5607 1.06
594 5504 4.45
595 477 1.18
596 1779 1.3
597 1878 6.83
598 4142 2.2
599 2315 3.09
600 5655 1.01
601 1907 3.56
602 4198 0.8
603 1087 1.76
604 963 1.45
605 5123 0.95
606 5160 2.04
607 969 0.35
608 5090 1.96
609 4838 3.24
610 4032 3.18
611 5212 0.84
612 132 0.79
613 362 0.69
614 4549 0.04
615 2283 1.64
616 1384 0.07
617 2224 2.74
618 4197 1.18
619 1225 1.99
620 4822 0.91
621 4124 1.91
622 4734 3.15
623 2311 1.63
624 5166 1.86
625 5736 0.6
626 1841 1.29
627 197 2.24
628 3131 0.22
629 5678 1.24
630 5526 1.29
631 1967 0.92
632 2841 3.16
633 1265 2.86
634 2480 1.86
635 4830 0.33
636 1193 1.02
637 4026 1.46
638 5663 0.03
639 363 1.46
640 2840 0.46
641 2013 4.78
642 2577 0.37
643 423 1.36
644 3416 0.51
645 3327 1.37
646 4715 1.8
647 3096 2.11
648 3596 0.01
649 3205 3.55
650 886 1.77
651 2821 3.41
652 4032 0.28
653 4976 1.37
654 1669 0.08
655 2703 1.23
656 3082 0.94
657 2826 3.39
658 5131 1.55
659 5439 0.17
660 5452 1.68
661 1947 0.71
662 258 1.52
663 703 1.67
664 1529 1.32
665 3096 1.43
666 5346 1.2
667 74 2.89
668 3172 3.67
669 3786 1.27
670 1358 0.04
671 3596 1.89
672 848 1.26
673 5326 0.73
674 3929 0.61
675 2651 2.04
676 5705 1.89
677 2233 1.13
678 3351 0.18
679 3842 4.39
680 4249 0.07
681 5774 1.58
682 1194 0.18
683 5900 0.78
684 1196 1.37
685 552 2.41
686 5702 2.19
687 2910 1.83
688 1413 2.97
689 1409 1.88
690 1815 0.93
691 5461 0.21
692 3389 0.57
693 5624 1.65
694 1448 2.76
695 4893 1.12
696 4099 0.11
697 3585 1.49
698 3975 1.75
699 1385 0.08
700 5257 0.86
701 5222 1.97
702 731 3.62
703 3539 1.18
704 1385 1.38
705 4634 0.47
706 3003 0.21
707 3360 2.75
708 35 0.32
709 660 1.96
710 3893 1.13
711 1971 1.9
712 1446 1.22
713 5630 0.82
714 4164 1.48
715 5592 0.21
716 2901 1.91
717 1448 0.69
718 4224 1.21
719 5444 0.37
720 4437 1.31
721 5798 0.85
722 726 1.08
723 2388 2.88
724 5739 1.94
725 4840 0.6
726 4304 1.16
727 4793 0.17
728 5372 1.74
729 683 1.69
730 2348 1.44
731 5220 1.93
732 4442 1.25
733 3578 1.36
734 17 0.62
735 1790 0.78
736 647 1.73
737 999 2.66
738 3457 2.85
739 1638 0.92
740 5620 1.01
741 2849 0.38
742 3403 1.17
743 1355 2.45
744 4264 0.48
745 4304 2.49
746 2543 2.74
747 4020 2.34
748 3677 2.02
749 439 1.14
750 3971 1.22
751 1196 1.47
752 4002 0.91
753 5246 0.53
754 5919 0.79
755 100 0.48
756 3606 0.52
757 3509 2.86
758 4353 2.02
759 656 1.25
760 495 0.54
761 5628 3.12
762 4024 0.82
763 3925 1.7
764 28 1.34
765 5210 4.3
766 4975 0.73
767 5531 1.73
768 2925 1.25
769 5641 0.63
770 5655 0.72
771 5412 0.55
772 4102 0.67
773 978 3.77
774 2008 1.65
775 5257 1.47
776 3427 1.5
777 4000 0.92
778 167 0.74
779 4516 1.01
780 3920 0.18
781 3412 0.51
782 5872 2.7
783 23 0.86
784 3510 3.17
785 980 0.99
786 5740 0.96
787 2206 1.99
788 260 1.64
789 3761 3.89
790 5095 3.25
791 418 0.86
792 2170 1.76
793 5981 1.71
794 5392 1.72
795 2806 3.05
796 215 1.13
797 4818 0.62
798 3147 1
799 4314 1.77
800 925 1.72
801 5469 2.65
802 4793 0.44
803 932 0.44
804 3821 1.47
805 5391 0.24
806 253 2.51
807 5724 1.86
808 57 1.87
809 5609 0.91
810 5959 2.67
811 2473 0.95
812 5925 0.98
813 5563 0.83
814 5105 1.51
815 1327 1.2
816 2944 1.68
817 1844 0.47
818 3330 1.31
819 1987 1.95
820 3306 2.36
821 2861 0.1
822 3284 2.67
823 5735 0.87
824 2649 1.1
825 2221 0.78
826 1426 0.46
827 1844 2.03
828 1753 1.78
829 524 1.17
830 3531 0.99
831 321 0.12
832 760 0.87
833 1095 3.9
834 537 1.28
835 3963 5.27
836 4710 3.38
837 2608 6.85
838 2710 1.44
839 2312 1.14
840 4903 1.35
841 2005 0.1
842 3004 1.33
843 3762 4.32
844 3246 0.81
845 5853 3.7
846 3221 1.82
847 4505 0.52
848 34 2.07
849 948 2.4
850 2034 2.37
851 2239 0.56
852 656 0.84
853 5726 4.23
854 259 0.37
855 2974 2.23
856 4475 1.63
857 3212 1.89
858 3462 3.65
859 3052 2.66
860 4332 0.58
861 4084 1.06
862 2123 2.38
863 5270 0.98
864 5494 0.48
865 4225 2.48
866 1481 1.98
867 3937 1.34
868 991 1.76
869 2699 0.39
870 673 3.18
871 2161 0.45
872 1 2.15
873 5141 1.87
874 4905 0.11
875 494 1.11
876 3017 0.37
877 4340 3.74
878 4745 0.51
879 1821 1.29
880 4491 0.49
881 1504 0.7
882 4126 1.35
883 998 1.21
884 2432 4.33
885 640 0.97
886 2229 1.05
887 5305 1.57
888 151 1.14
889 2919 1.02
890 3282 0.81
891 5956 2.61
892 698 1.48
893 408 1.22
894 2556 0.43
895 3579 0.56
896 5053 1.39
897 4727 0.65
898 1350 0.74
899 5399 0.61
900 2391 2.27
901 4033 2.27
902 4735 0.48
903 1958 1.13
904 1121 1.47
905 2657 0.25
906 2178 2.97
907 3248 0.42
908 5207 1.14
909 214 0.83
910 3521 2.96
911 4054 2.14
912 3329 1.47
913 3176 2.08
914 1021 2.11
915 2202 4.94
916 4377 3.03
917 3764 3.1
918 1110 3.04
919 1992 0.28
920 1188 0.95
921 5602 1.23
922 5463 0.18
923 4188 1.18
924 5644 0.91
925 2629 1.36
926 128 1.15
927 1659 1
928 4154 0.06
929 659 0.78
930 4221 1.2
931 5599 2.77
932 1840 0.98
933 1198 0.04
934 985 1.08
935 4663 0.3
936 1911 1.18
937 1815 3.56
938 3241 1.69
939 1232 0.91
940 1917 0.19
941 1328 0.99
942 5672 2.71
943 704 0.4
944 3651 1.37
945 5022 0.55
946 3217 1.67
947 2030 0.28
948 1809 0.48
949 2992 0.13
950 991 1.09
951 1777 0.83
952 3874 2.65
953 4443 2.66
954 219 1.59
955 984 0.76
956 4486 0.73
957 4884 2.79
958 1466 3.02
959 2341 0.01
960 1865 1.44
961 5157 1.49
962 5683 3.11
963 1106 1.04
964 2542 1.78
965 3110 1.2
966 5158 0.29
967 990 5.58
968 5653 2.05
969 5590 0.65
970 5326 3.61
971 648 0.52
972 5954 0.95
973 4183 2.53
974 4587 1.38
975 4612 1.51
976 5640 1.43
977 388 1.29
978 3293 0.14
979 2497 1.47
980 3801 0.71
981 4564 4.13
982 4467 1.1
983 55 1.63
984 140 0.5
985 4466 0.75
986 2561 0.86
987 3044 0.18
988 1092 1.04
989 4791 0.95
990 1833 1.75
991 4047 0.08
992 2526 0.92
993 698 4.62
994 2596 1.83
995 3514 1.25
996 3396 2.94
997 5658 1.72
998 510 1.27
999 565 1.99
1000 5074 0.93
1001 4762 0.6
1002 5643 0.32
1003 5974 5.33
1004 3554 6.36
1005 2562 6.37
1006 4386 2.95
1007 170 1.04
1008 5644 0.26
1009 500 2.66
1010 4764 0.79
1011 3940 0.64
1012 1635 1.34
1013 2887 1.78
1014 1175 1.67
1015 1144 0.5
1016 3059 1.08
1017 5402 2.31
1018 3767 1.64
1019 3757 4.51
1020 2546 2.15
1021 4227 0.74
1022 2313 0.01
1023 903 1.02
1024 4445 2.02
1025 2350 0.74
1026 522 0.26
1027 987 0.65
1028 1644 1.17
1029 145 1.77
1030 2617 0.44
1031 2913 2.44
1032 3112 0.54
1033 2944 1.25
1034 3697 0.56
1035 871 0.47
1036 3513 3.65
1037 1139 2.18
1038 770 2.05
1039 1872 0.53
1040 3605 0.28
1041 2388 0.5
1042 1594 0.95
1043 1134 1.26
1044 4403 6.27
1045 1520 0.62
1046 1311 2.87
1047 4232 0.06
1048 1175 2.79
1049 3169 3.48
1050 2726 2.65
1051 110 1.84
1052 2015 1.1
1053 4161 0.47
1054 3831 1.5
1055 2345 0.85
1056 3614 1.28
1057 2796 2
1058 2552 0.18
1059 4404 1.07
1060 4934 1.52
1061 1266 1.05
1062 1075 0.25
1063 1867 0.44
1064 3554 0.55
1065 5072 0.31
1066 4585 2.81
1067 1380 1.85
1068 3823 0.08
1069 89 0.26
1070 5648 1
1071 4398 1.37
1072 3748 1.07
1073 140 2.38
1074 5537 5.22
1075 4710 0.92
1076 183 1.85
1077 210 1.73
1078 4622 4.35
1079 3579 2.46
1080 960 2.14
1081 5007 0.2
1082 187 0.28
1083 5406 1.26
1084 3432 1.45
1085 3767 0.01
1086 2776 1.47
1087 1621 1.65
1088 3009 1.43
1089 4750 0.33
1090 5852 1.56
1091 3489 0.51
1092 143 1.24
1093 5875 0.2
1094 5086 4.43
1095 2389 2.82
1096 4257 0.2
1097 3795 1.57
1098 5556 5.23
1099 1279 1.45
1100 1829 5.29
1101 4640 3.41
1102 5265 0.74
1103 3066 0.17
1104 5975 1.31
1105 4747 2.6
1106 1830 1.35
1107 3828 0.82
1108 878 0.64
1109 3722 0.74
1110 2657 1.41
1111 4551 0.58
1112 5464 4.08
1113 5236 1.55
1114 3042 0.47
1115 4081 1.76
1116 4011 2.68
1117 2365 4.72
1118 5541 0.96
1119 2672 1.43
1120 5751 1.82
1121 13 1.25
1122 3303 2.38
1123 169 0.78
1124 1416 0.25
1125 804 0.54
1126 4327 1.08
1127 9 2.03
1128 4847 3.05
1129 4026 0.03
1130 4433 0.81
1131 3575 0.45
1132 1741 1.16
1133 1064 1.62
1134 974 1.1
1135 2478 0.35
1136 1843 1.97
1137 1355 2.61
1138 674 1.06
1139 1404 0.72
1140 1096 4.04
1141 3446 1.25
1142 1432 1.24
1143 1871 1.87
1144 828 0.08
1145 1475 0.28
1146 312 2.51
1147 5718 1.32
1148 2924 1.79
1149 2710 3.39
1150 3166 0.35
1151 2237 0.38
1152 5013 0.01
1153 2507 0.3
1154 1480 2.31
1155 2944 1.02
1156 961 0.64
1157 470 0.35
1158 5841 0.6
1159 2209 3.51
1160 5795 1.67
1161 4955 2.27
1162 3322 0.38
1163 3687 0.62
1164 1777 1.16
1165 2826 3.45
1166 885 1.54
1167 1880 1.55
1168 948 1.65
1169 2727 1.54
1170 635 1.22
1171 1430 1.74
1172 3699 1.26
1173 5000 1.09
1174 5206 2.69
1175 2503 0.25
1176 3524 4.06
1177 4611 0.97
1178 1956 1.19
1179 3141 3.31
1180 316 0.83
1181 527 2.23
1182 5350 1.36
1183 2424 0.39
1184 2819 1.93
1185 2672 3.04
1186 3791 1.75
1187 1643 0.37
1188 4165 0.5
1189 2783 1.15
1190 4494 3.05
1191 3272 0.78
1192 2042 1.3
1193 3758 0.93
1194 416 2.06
1195 3381 2.22
1196 5559 0.08
1197 2289 2.22
1198 2317 1.31
1199 2802 0.55
1200 5503 1.85
1201 2779 3.19
1202 4460 1.42
1203 1827 2.06
1204 4732 1.95
1205 3609 1.41
1206 5607 2.1
1207 860 0.44
1208 3479 3.53
1209 2070 0.8
1210 5273 0.3
1211 4446 3.1
1212 1701 1.45
1213 1911 2.09
1214 2500 0.17
1215 2271 1.55
1216 5338 0.14
1217 4120 3.17
1218 2483 1.51
1219 4241 1.11
1220 1304 1.08
1221 2919 1.87
1222 1631 1.68
1223 571 0.51
1224 4890 0.05
1225 1503 1.15
1226 3120 0.15
1227 2788 1.58
1228 4464 0.05
1229 1439 2.28
1230 2325 1.19
1231 2026 0.9
1232 1967 0.88
1233 3526 1.13
1234 1832 1.05
1235 2546 2.51
1236 4084 0.32
1237 4750 0.53
1238 5269 1.31
1239 4219 1.52
1240 3140 2.65
1241 5969 0.16
1242 1745 7.57
1243 2072 3.33
1244 5316 2.48
1245 3811 1.69
1246 4871 0.87
1247 5161 1.02
1248 1501 1.56
1249 1327 0.98
1250 2900 0.92
1251 4143 1.4
1252 2336 2.21
1253 3974 3.21
1254 3182 2.98
1255 4665 1.19
1256 1460 1.03
1257 2071 1.23
1258 4976 1.49
1259 4383 0.96
1260 5455 7.49
1261 1628 0.03
1262 347 0.53
1263 2271 1.34
1264 4278 2.14
1265 2937 0.23
1266 2951 2.5
1267 4785 0.6
1268 4399 2.59
1269 5975 1.34
1270 4060 2.38
1271 5870 0.93
1272 2873 2.45
1273 5445 0.93
1274 3152 1.25
1275 2071 2.39
1276 2500 5.12
1277 4516 0.64
1278 575 1.57
1279 4804 2.24
1280 104 1.31
1281 4770 0.78
1282 3722 0.28
1283 2895 0.83
1284 4518 1.28
1285 5622 0.72
1286 2978 1.64
1287 2021 0.41
1288 422 1.25
1289 3665 2.31
1290 3472 1.28
1291 4996 0.55
1292 711 0.19
1293 1915 0.65
1294 5059 3.92
1295 301 0.83
1296 1297 9.99
1297 5821 0.66
1298 4304 4.5
1299 2415 0.15
1300 3896 2.14
1301 1514 0.27
1302 4625 1
1303 3933 1.72
1304 645 0.9
1305 5615 0.97
1306 1218 1.99
1307 2433 4.07
1308 1622 1.1
1309 842 1.15
1310 4144 0.42
1311 4208 0.16
1312 1512 2.93
1313 5668 0.63
1314 643 0.01
1315 2229 2.61
1316 2717 0.72
1317 5384 1.17
1318 5887 5.38
1319 5707 4.2
1320 4694 0.89
1321 5703 1.31
1322 2700 0.6
1323 849 0.6
1324 2173 0.25
1325 128 1.29
1326 99 0.82
1327 59 0.76
1328 1010 1.31
1329 512 2.62
1330 4386 1.81
1331 4761 1.96
1332 764 0.48
1333 4377 0.53
1334 1141 0.58
1335 5016 0.06
1336 5424 3.07
1337 2526 3.87
1338 4664 1.55
1339 5965 2.2
1340 140 1.59
1341 1938 0.8
1342 1065 0.16
1343 3945 0.72
1344 3617 0.07
1345 2939 0.66
1346 511 2.36
1347 4702 1.53
1348 4003 1.65
1349 972 1.1
1350 3207 0.9
1351 5056 5.08
1352 5346 2.1
1353 5677 0.5
1354 2929 2.43
1355 4461 0.33
1356 4125 0.68
1357 3692 1.19
1358 2126 0.12
1359 1704 1.68
1360 3407 2.17
1361 4460 0.54
1362 1147 0.89
1363 1765 0.6
1364 3101 0.11
1365 2671 0.28
1366 2280 0.09
1367 4170 1.71
1368 2095 0.69
1369 1985 1.49
1370 5722 0.51
1371 5273 5.47
1372 5088 2.21
1373 2127 0.26
1374 2632 1.96
1375 948 1.43
1376 530 0.34
1377 2354 1.4
1378 5659 4.58
1379 5675 0.98
1380 3919 4.15
1381 5689 0.35
1382 2551 0.4
1383 1864 0.15
1384 2794 0.23
1385 1771 0.36
1386 2758 1.03
1387 863 1.82
1388 4595 0.92
1389 5185 2.36
1390 2195 2.53
1391 4226 1.81
1392 4471 1.94
1393 5834 0.19
1394 255 0.12
1395 2473 0.93
1396 4593 2.5
1397 1585 0.85
1398 5707 1.61
1399 4667 1.43
1400 872 0.2
1401 3304 1.65
1402 3504 3.13
1403 762 2.11
1404 4548 1.25
1405 5158 0.14
1406 717 0.76
1407 2526 1.94
1408 26 0.19
1409 2312 1.71
1410 3491 1.47
1411 2898 0.36
1412 475 1.01
1413 4000 1.55
1414 1922 1.83
1415 5700 1.66
1416 3958 0.93
1417 4624 0.38
1418 4860 2.38
1419 5025 0.25
1420 324 0.17
1421 4485 2.47
1422 2181 2.7
1423 571 0.04
1424 1246 0.73
1425 4103 4.8
1426 5393 0.22
1427 5850 0.02
1428 4441 0.08
1429 3912 0.22
1430 1926 0.89
1431 5129 0.84
1432 1915 2.07
1433 2007 0.88
1434 4542 0.4
1435 99 1.66
1436 2946 1.49
1437 152 2
1438 699 0.81
1439 1343 3.03
1440 951 1.17
1441 3431 0.14
1442 2226 2.32
1443 3953 4.59
1444 380 1.73
1445 2517 1.36
1446 2261 1.06
1447 5850 0.93
1448 98 0.87
1449 211 1.75
1450 3188 1.94
1451 3177 2.99
1452 3887 1.72
1453 3393 2.6
1454 3547 4.09
1455 1911 5.75
1456 992 0.86
1457 5695 1.27
1458 3666 1.99
1459 5830 4.82
1460 1848 0.17
1461 105 2.13
1462 4433 0.73
1463 2231 1.01
1464 3846 0.74
1465 735 1.1
1466 5022 0.28
1467 5484 7.11
1468 4398 3.42
1469 4814 2.16
1470 3727 0.04
1471 4124 0.69
1472 5931 4.46
1473 1482 5.01
1474 3894 1.08
1475 5661 0.89
1476 4816 2.11
1477 2664 3.89
1478 3613 2.52
1479 4168 2.77
1480 3857 0.58
1481 257 0.92
1482 2126 1.34
1483 1683 2.65
1484 1936 0.43
1485 735 0.27
1486 5551 0.22
1487 126 2.5
1488 932 0.26
1489 1471 2.76
1490 5495 0.81
1491 5194 1.44
1492 3169 1.73
1493 1636 0.39
1494 5483 0.38
1495 4652 4.79
1496 4236 0.4
1497 361 0.58
1498 3891 3.1
1499 5756 1.45
1500 1136 1.54
1501 4878 1.12
1502 3976 0.7
1503 1896 0.43
1504 5196 1.34
1505 2544 1.15
1506 4809 1.45
1507 4318 2.11
1508 1799 0.83
1509 1523 2.04
1510 5330 0.22
1511 3324 0.17
1512 1985 4.23
1513 1758 0.06
1514 2653 2.57
1515 2543 0.02
1516 2379 0.44
1517 2735 0.06
1518 3724 0.88
1519 730 1.68
1520 3685 1.75
1521 5206 0.21
1522 5862 1.28
1523 4626 1.32
1524 5098 2.65
1525 3894 0.74
1526 2174 1.66
1527 3736 0.23
1528 1325 1.16
1529 3680 1.23
1530 717 1.63
1531 4019 0.32
1532 3019 1.84
1533 5453 3.25
1534 1475 0.71
1535 638 1.61
1536 5225 1.15
1537 4396 0.69
1538 1567 4.86
1539 5383 1.92
1540 2391 0.55
1541 2948 2.61
1542 4743 0.75
1543 2257 1.79
1544 5765 0.55
1545 5997 0.46
1546 3175 0.93
1547 3785 1.09
1548 2159 0.23
1549 1317 2.74
1550 3701 2.85
1551 3069 1.84
1552 4857 1.11
1553 5603 3.66
1554 5543 2.47
1555 1997 1.71
1556 1533 3.1
1557 2122 0.02
1558 1424 1.55
1559 1131 6.58
1560 449 1.33
1561 132 0.97
1562 5410 1.4
1563 3405 1.74
1564 4850 0.8
1565 4967 2.2
1566 4224 1.02
1567 2042 0.15
1568 3418 1.19
1569 4203 0.48
1570 5455 1.83
1571 433 0.83
1572 182 1.64
1573 165 0.85
1574 3745 3.96
1575 3218 0.43
1576 5151 2.08
1577 3326 2.21
1578 2592 1.56
1579 4932 1.41
1580 5135 2.71
1581 1532 1.62
1582 466 0.56
1583 875 0.13
1584 3385 0.98
1585 780 0.55
1586 67 1.42
1587 2624 0.17
1588 2310 3.16
1589 1401 0.22
1590 2700 1.41
1591 1506 1.4
1592 3563 0.8
1593 4625 1.17
1594 3166 0.05
1595 1064 0.43
1596 2464 0.04
1597 2978 2.6
1598 2998 1.5
1599 1395 1.82
1600 5908 3.87
1601 1486 2.72
1602 2679 3.74
1603 4793 1.01
1604 3120 0.42
1605 3292 0.74
1606 2145 2.55
1607 3222 0.18
1608 514 0.33
1609 1988 2.01
1610 5589 0.42
1611 5619 0.63
1612 2472 1.8
1613 4143 0.63
1614 1267 0.9
1615 4328 2.84
1616 5154 1.61
1617 1833 1.19
1618 5111 0.24
1619 1640 2.39
1620 2136 0.38
1621 46 1.7
1622 3491 0.77
1623 3829 3
1624 5701 5.57
1625 4923 0.36
1626 3871 0.12
1627 3217 2.49
1628 3258 1.18
1629 738 3.91
1630 793 0.07
1631 3379 2.12
1632 5994 2.37
1633 4788 0.18
1634 1796 0.11
1635 213 0.49
1636 369 0.88
1637 5762 3.25
1638 5276 1.55
1639 5277 0.33
1640 749 1.14
1641 2279 1.6
1642 3437 1.61
1643 1773 3.42
1644 2182 0.76
1645 4969 0.63
1646 1817 2.93
1647 1114 1.96
1648 3841 1.64
1649 2984 0.1
1650 1118 0.88
1651 1909 0.04
1652 5165 1.53
1653 1784 2.09
1654 977 1.13
1655 2561 1.79
1656 4212 0.35
1657 4391 1.36
1658 3065 1.61
1659 3320 2.26
1660 2773 0.56
1661 2360 1.36
1662 4399 1.14
1663 3060 0.48
1664 3868 0.88
1665 5609 3.11
1666 4339 4.02
1667 1354 5.02
1668 5455 0.27
1669 2741 1.02
1670 162 1.35
1671 4480 1.03
1672 1518 0.26
1673 1830 0.51
1674 1365 1.29
1675 5059 0.39
1676 2903 1.18
1677 2010 3.41
1678 2092 0.96
1679 14 2.17
1680 3077 1.5
1681 2386 1.5
1682 1015 0.57
1683 2460 0.83
1684 1333 1.69
1685 1862 1.34
1686 5309 0.95
1687 1126 1.53
1688 93 1.39
1689 5282 3.6
1690 3137 1.62
1691 5405 0.91
1692 2743 0.64
1693 2768 0.33
1694 4658 0.04
1695 4966 1.2
1696 928 1.31
1697 1749 1.39
1698 5242 0.94
1699 5456 0.44
1700 1111 0.38
1701 3615 0.31
1702 988 0.39
1703 4883 0.9
1704 3838 0.38
1705 3701 2.93
1706 1866 0.78
1707 83 0.69
1708 4000 1.6
1709 2974 0.15
1710 928 3.55
1711 3783 0.65
1712 2867 3.35
1713 1652 0.89
1714 1280 0.94
1715 4941 1.94
1716 3534 1.87
1717 4418 0.97
1718 4172 0.3
1719 1619 0.84
1720 793 0.81
1721 4051 0.82
1722 1221 4.05
1723 4041 0.24
1724 2453 1.1
1725 4401 0.92
1726 2632 0.42
1727 2489 0.92
1728 709 0.93
1729 2294 3.13
1730 5117 0.8
1731 4961 1.78
1732 5245 2.99
1733 2900 1.62
1734 685 1.95
1735 2054 0.15
1736 4613 1.17
1737 3965 0.16
1738 1493 3.39
1739 5642 2.72
1740 1447 0.58
1741 332 1.48
1742 4447 2.24
1743 3539 0.39
1744 2921 1.01
1745 206 0.96
1746 1730 0.09
1747 1123 1.62
1748 1056 0.17
1749 785 1.24
1750 2234 3.15
1751 2145 0.83
1752 5331 0.53
1753 2060 0.35
1754 4172 2.13
1755 39 2.75
1756 2896 0.54
1757 3228 1.84
1758 4497 0.12
1759 5575 0.24
1760 920 1.2
1761 4829 0.86
1762 4695 0.99
1763 1383 0.42
1764 2521 0.52
1765 118 1.31
1766 1007 1.54
1767 2356 2.21
1768 670 4.9
1769 1331 1.18
1770 4298 1.02
1771 2464 0.57
1772 372 0.93
1773 1474 1.73
1774 279 0.22
1775 4813 0.5
1776 2343 1.85
1777 1430 0.42
1778 956 0.36
1779 1361 1.21
1780 4572 4.33
1781 4749 3.34
1782 5421 0.4
1783 4914 2.07
1784 2259 1.98
1785 2492 0.27
1786 1566 1.36
1787 2210 0.87
1788 257 0.44
1789 486 1.01
1790 880 1.1
1791 4689 0.52
1792 5881 1.7
1793 1057 0.65
1794 4251 1.89
1795 454 0.62
1796 2621 0.88
1797 50 0.25
1798 2557 0.29
1799 419 1.61
1800 5187 0.46
1801 2159 1.62
1802 5206 2.6
1803 3012 3.04
1804 1475 1.49
1805 5463 1.25
1806 235 1.89
1807 3734 0.22
1808 1114 1.52
1809 1129 1.17
1810 4038 0.1
1811 3119 1.64
1812 4630 1.53
1813 119 0.41
1814 2888 2.17
1815 4714 1.8
1816 4235 1.73
1817 2374 1.51
1818 265 3.86
1819 2936 2.04
1820 1889 2.72
1821 1668 0.12
1822 2867 3.25
1823 5839 0.85
1824 2377 0.71
1825 5446 1.18
1826 269 0.39
1827 1490 0.78
1828 5092 1.96
1829 674 1.24
1830 2231 1.43
1831 5630 0.87
1832 4696 1.27
1833 5568 0.79
1834 5573 0.1
1835 233 0.61
1836 89 0.01
1837 1064 2.93
1838 4658 2.18
1839 566 0.05
1840 4701 0.2
1841 4170 1
1842 3944 1.31
1843 3846 0.88
1844 95 0.74
1845 1542 0.52
1846 1965 1.16
1847 4719 3.31
1848 704 1.06
1849 3111 0.69
1850 4497 0.64
1851 1196 1.16
1852 2719 1.31
1853 1083 1.81
1854 5063 3.04
1855 710 1.15
1856 3404 2.78
1857 3596 1.74
1858 3495 1.82
1859 902 0.26
1860 5320 1.99
1861 3741 0.97
1862 791 1.07
1863 5657 0.71
1864 3259 1.18
1865 1883 0.43
1866 3197 1.04
1867 4815 2.06
1868 3821 1.24
1869 1320 1.93
1870 2414 3.84
1871 4625 1.25
1872 3096 0.75
1873 2146 0.41
1874 1759 0.38
1875 2823 0.93
1876 1729 1.4
1877 4116 1.01
1878 1063 0.98
1879 3973 2.27
1880 1591 1.11
1881 5464 0.34
1882 1362 0.66
1883 3463 1.55
1884 3604 6.62
1885 3082 0.06
1886 3254 3.2
1887 4113 0.78
1888 4633 1.19
1889 4295 1.58
1890 3609 1.42
1891 1441 1.59
1892 1362 1.74
1893 3206 0.22
1894 97 0.16
1895 3058 0.82
1896 1517 1.05
1897 1252 0.36
1898 5869 1.44
1899 1494 0.87
1900 467 0.56
1901 2074 0.19
1902 4265 0.13
1903 4321 1.59
1904 5759 1.94
1905 2241 0.75
1906 5393 0.9
1907 3400 1.17
1908 3346 1.2
1909 1405 0.41
1910 4160 1.98
1911 874 0.82
1912 4450 1.39
1913 2011 0.01
1914 671 0.89
1915 2123 0.87
1916 3 0.86
1917 2246 0.03
1918 5799 3.09
1919 3063 0.1
1920 5659 1.06
1921 3256 0.45
1922 3289 1.73
1923 3362 3.93
1924 824 5.81
1925 5448 2.32
1926 5948 0.33
1927 2654 2.52
1928 621 1.22
1929 4294 1.02
1930 1916 0.43
1931 5093 1.62
1932 5042 1.04
1933 2328 2.56
1934 2855 2.95
1935 1821 0.6
1936 785 0.97
1937 5568 0.2
1938 5157 0.92
1939 2197 1.79
1940 5722 2.24
1941 216 2.66
1942 549 0.94
1943 5296 3.99
1944 113 0.57
1945 2407 1.3
1946 3519 3.37
1947 5367 0.68
1948 1748 1.86
1949 5885 1.44
1950 5366 1.21
1951 1052 3.3
1952 4023 0.59
1953 4730 3.22
1954 3911 1.82
1955 298 2.47
1956 4855 0.52
1957 163 0.24
1958 2998 1.02
1959 3035 2.71
1960 2951 0.19
1961 1367 0.27
1962 3846 2.44
1963 560 2.15
1964 2117 1.37
1965 4161 1.09
1966 974 0.88
1967 3477 0.11
1968 726 1.78
1969 4498 1.4
1970 2770 2.75
1971 340 1.41
1972 5571 2.16
1973 5753 1.74
1974 3552 0.75
1975 1669 0.77
1976 1997 1.89
1977 569 2.33
1978 1170 0.62
1979 2607 1.46
1980 4380 0.41
1981 5103 0.68
1982 115 0.49
1983 2238 2.29
1984 3244 4.47
1985 1523 1.21
1986 5048 0.58
1987 5565 0.53
1988 2670 1.15
1989 2565 0.91
1990 3527 1.73
1991 2985 1.95
1992 3929 0.92
1993 244 3.19
1994 4496 0.97
1995 2357 0.85
1996 819 0.03
1997 1788 0.98
1998 2651 0.86
1999 3995 0.07
2000 4650 0.18
2001 2604 3.21
2002 5841 0.89
2003 438 5.66
2004 3125 1.7
2005 5765 3.2
2006 214 0.99
2007 5393 3.4
2008 3713 2.01
2009 1150 3.09
2010 3689 1.1
2011 3049 1.12
2012 5397 1.48
2013 3742 1.4
2014 5404 1.07
2015 5595 1
2016 3235 2.29
2017 610 1.46
2018 4935 2
2019 1230 0.95
2020 5623 0.03
2021 3840 2.45
2022 1687 1.7
2023 124 0.89
2024 3852 1.73
2025 3391 0.75
2026 4108 2.55
2027 31 0.96
2028 5455 2.02
2029 3139 3.13
2030 5072 1.74
2031 4165 1.46
2032 125 1.96
2033 5126 0.8
2034 975 0.1
2035 1008 0.29
2036 4795 0.59
2037 3946 0.83
2038 252 1.49
2039 1925 1.25
2040 1792 4.13
2041 1980 2.33
2042 1486 1.02
2043 2305 4.04
2044 4612 1.33
2045 5559 1.9
2046 951 2.31
2047 3305 1.27
2048 5058 3.21
2049 4381 7.46
2050 2689 0.72
2051 2324 1.01
2052 1702 1.23
2053 3342 1.78
2054 759 1.8
2055 1793 1.7
2056 1256 1.79
2057 5711 1.57
2058 4918 0.48
2059 2977 1.38
2060 5078 1.12
2061 180 0.78
2062 2966 1.86
2063 3821 2.35
2064 974 3.39
2065 4029 1.54
2066 4505 0.51
2067 171 0.67
2068 300 4.29
2069 5815 1.06
2070 3070 1.77
2071 1097 2.07
2072 652 1.5
2073 578 0.11
2074 5437 0.38
2075 3525 8
2076 532 1.12
2077 1883 3.29
2078 1309 0.96
2079 670 1.05
2080 1909 3.08
2081 5783 2.14
2082 5494 1.48
2083 2884 1.83
2084 5587 0.79
2085 5169 5.36
2086 3372 0.97
2087 1979 1.35
2088 2905 1.68
2089 607 1.33
2090 4606 0.37
2091 402 1.2
2092 5991 1.56
2093 3059 4.76
2094 4307 4.92
2095 2201 1.28
2096 4256 0.91
2097 5899 3.16
2098 1152 3.66
2099 3661 1.02
2100 1220 0.5
2101 4666 1.2
2102 4500 3.66
2103 4779 0.4
2104 95 0.23
2105 5326 1.88
2106 4174 3
2107 3842 2.16
2108 895 0.6
2109 1527 2.63
2110 3301 1.03
2111 2254 0.9
2112 2956 1.47
2113 5991 1.47
2114 4412 1.09
2115 2993 0.61
2116 2693 4.2
2117 2033 0.99
2118 1025 0.62
2119 2331 2.87
2120 43 2.6
2121 5933 1.26
2122 4569 1.85
2123 2930 0.73
2124 777 0.42
2125 848 0.1
2126 3234 0.12
2127 3040 0.64
2128 3696 0.02
2129 133 1.29
2130 2257 1.39
2131 164 0.18
2132 2804 0.79
2133 5338 3.11
2134 1770 1.99
2135 3598 1.67
2136 2990 1.5
2137 3455 4.35
2138 98 4.41
2139 3925 5.53
2140 3990 0.81
2141 5109 0.33
2142 1376 3.42
2143 4669 0.34
2144 2986 0.85
2145 3455 0.79
2146 5242 0.53
2147 1407 0.89
2148 4059 0.05
2149 4174 1.89
2150 2721 3.59
2151 3871 3.39
2152 5089 4
2153 1920 1.52
2154 749 1.09
2155 2697 2.69
2156 1681 2.03
2157 4795 0.07
2158 4904 1.81
2159 457 1.29
2160 3204 2.39
2161 825 0.21
2162 5797 0.14
2163 3109 0.52
2164 5186 0.89
2165 2826 1.18
2166 4837 0.66
2167 3073 2.75
2168 951 0.56
2169 5197 0.92
2170 1575 0.95
2171 3369 0.91
2172 3174 3.3
2173 3547 1.08
2174 2206 0.47
2175 5870 0.93
2176 2908 0.36
2177 3965 3.25
2178 5626 0.92
2179 1064 1.58
2180 5637 1.73
2181 1239 1.72
2182 1765 0.83
2183 3316 0.87
2184 1887 0.4
2185 3185 1.94
2186 4881 0.48
2187 5270 1.45
2188 54 1.05
2189 5949 0.15
2190 4755 0.88
2191 4138 0.17
2192 2819 1.89
2193 4415 2.06
2194 2866 0.57
2195 4144 0.7
2196 829 4.89
2197 3914 0.02
2198 5971 0.89
2199 1578 1.34
2200 1071 0.82
2201 1571 0.27
2202 5981 0.55
2203 3622 5.98
2204 1824 0.9
2205 634 4.11
2206 2978 0.37
2207 401 1.55
2208 3166 3.46
2209 1790 0.89
2210 3656 0.76
2211 2958 0.11
2212 4383 1.84
2213 3597 1.56
2214 655 2.43
2215 976 0.89
2216 4993 0.95
2217 4252 0.28
2218 2400 1.55
2219 1539 1.46
2220 2672 0.1
2221 1724 0.35
2222 2082 1.31
2223 5140 1
2224 3403 1.29
2225 3777 0.81
2226 890 1.09
2227 1471 0.74
2228 1207 0.8
2229 3722 0.72
2230 4486 0.43
2231 203 1.07
2232 984 0.69
2233 2880 1.9
2234 5759 2.06
2235 3615 0.25
2236 1543 0.01
2237 4308 0.14
2238 3090 2.48
2239 4732 2.25
2240 1614 0.07
2241 5968 0.69
2242 1926 1.25
2243 387 2.84
2244 105 3.05
2245 3078 0.77
2246 2637 0.91
2247 327 4.67
2248 5307 1.57
2249 481 0.24
2250 2404 0.92
2251 2128 3.01
2252 3472 0.75
2253 1161 5.06
2254 2544 0.75
2255 1522 1.2
2256 2966 1.62
2257 2539 0.09
2258 3437 2.22
2259 1604 1.32
2260 302 1.11
2261 5654 0.53
2262 547 0.48
2263 5082 1.92
2264 5982 0.4
2265 3318 5.95
2266 4217 5.53
2267 2797 1.04
2268 1954 3.89
2269 3039 3.07
2270 3532 4.7
2271 3829 0.33
2272 1246 1.64
2273 708 0.76
2274 3659 0.21
2275 3859 2.66
2276 3147 0.13
2277 1151 4.75
2278 1133 1.35
2279 2777 0.33
2280 3407 1.08
2281 3051 0.74
2282 1857 1.49
2283 1581 1
2284 727 0.29
2285 3107 2.04
2286 2573 0.52
2287 2163 0.37
2288 3391 0.93
2289 5465 1.3
2290 2584 0.7
2291 5115 0.88
2292 5683 0.01
2293 1075 1.59
2294 29 1.99
2295 1721 0.82
2296 1848 0.72
2297 713 0.31
2298 3621 3.62
2299 2386 1.13
2300 5887 1.22
2301 3084 0.23
2302 125 1.8
2303 2688 1.57
2304 5435 0.67
2305 2961 0.55
2306 3949 0.31
2307 1250 4.07
2308 1830 0.58
2309 5511 3.67
2310 315 0.65
2311 5181 0.4
2312 2708 0.95
2313 4514 0.78
2314 898 0.84
2315 3864 2.35
2316 5586 1.75
2317 3023 1.11
2318 3039 0.35
2319 762 2.39
2320 3756 0.35
2321 5653 1.38
2322 1073 1.33
2323 2228 1.58
2324 4069 1.61
2325 2273 1.23
2326 5469 2.66
2327 5666 7.94
2328 4988 1.18
2329 5985 3.15
2330 1907 0.42
2331 1942 0.05
2332 2339 0.15
2333 2418 4.04
2334 4678 3.34
2335 5616 4.26
2336 1000 1.69
2337 3 0.26
2338 3496 0.93
2339 3343 0.64
2340 5826 0.84
2341 2554 2.68
2342 3471 3.55
2343 3647 0.63
2344 1635 0.09
2345 3560 0.29
2346 1902 0.82
2347 941 3.02
2348 4604 0.68
2349 3617 2.47
2350 2256 1.09
2351 658 0.98
2352 2760 1.69
2353 4499 1.38
2354 2936 0.66
2355 2541 0.94
2356 1263 1.43
2357 4223 1.68
2358 4065 0.62
2359 2551 3.88
2360 1273 0.25
2361 3436 1.04
2362 5878 1.82
2363 55 1.4
2364 1426 1.14
2365 1259 0.49
2366 5594 0.92
2367 2855 1.35
2368 1829 2.87
2369 1596 2.64
2370 1693 1.06
2371 4136 0.54
2372 556 2.8
2373 2221 2.45
2374 1987 0.83
2375 4438 1.07
2376 1040 1.39
2377 4275 0.39
2378 3951 1.37
2379 2274 1.29
2380 2377 4.95
2381 2653 3.35
2382 965 1.01
2383 3951 2.32
2384 4249 1.55
2385 1072 2.1
2386 1960 0.6
2387 5276 0.25
2388 3726 1.22
2389 1326 0.68
2390 3258 1.23
2391 5972 1.41
2392 4887 0.76
2393 3900 2.6
2394 3530 4.44
2395 4046 1.87
2396 30 2.38
2397 1930 0.45
2398 231 0.31
2399 814 0.79
2400 5252 0.08
2401 4218 2.71
2402 2975 1.15
2403 1269 1.56
2404 2671 0.16
2405 5271 0.81
2406 2800 1.28
2407 1625 0.59
2408 500 0.64
2409 380 4.35
2410 1144 3.48
2411 445 0.61
2412 564 1.85
2413 854 4.22
2414 5772 0.76
2415 2015 0.63
2416 5270 0.59
2417 1775 1.13
2418 5399 2.16
2419 4153 1.52
2420 4901 0.97
2421 2414 4.87
2422 5559 0.98
2423 3281 1.63
2424 3851 0.68
2425 304 2.67
2426 2568 1.85
2427 5852 0.88
2428 3472 0.06
2429 3737 3.58
2430 4540 0.25
2431 4564 7.86
2432 1928 2.81
2433 2896 2.02
2434 5065 0.41
2435 422 3.97
2436 979 3.96
2437 3744 0.7
2438 4992 1.14
2439 3296 0.77
2440 4656 1.54
2441 730 0.32
2442 5417 0.6
2443 3847 2.44
2444 1785 0.04
2445 2946 0.57
2446 4405 2.18
2447 1023 2.72
2448 4428 1.55
2449 1321 1.07
2450 3707 1.57
2451 1041 4.71
2452 2559 0.99
2453 3158 0.77
2454 2482 2.12
2455 4818 1.9
2456 4143 1.46
2457 4269 5.24
2458 4771 0.72
2459 3672 0.93
2460 1032 1.45
2461 4305 0.29
2462 1976 1.65
2463 5729 0.28
2464 3567 0.75
2465 311 0.09
2466 5662 1.01
2467 3609 0.89
2468 5516 0.1
2469 4414 1.28
2470 5429 0.03
2471 2108 2.12
2472 3359 1.58
2473 2813 0.05
2474 1752 0.35
2475 2062 3.08
2476 422 1.29
2477 3939 0.37
2478 4260 0.89
2479 5157 0.66
2480 3169 0.5
2481 4982 1.61
2482 1043 0.36
2483 770 2.11
2484 5296 0.65
2485 3534 1.65
2486 5103 0.79
2487 316 2.07
2488 4510 1.84
2489 1540 1.63
2490 178 0.25
2491 1891 1.89
2492 5881 1.61
2493 166 0.54
2494 5927 1.57
2495 1927 1.61
2496 11 1.53
2497 5419 1.42
2498 2281 1.66
2499 1872 0.76
2500 1189 0.81
2501 5290 0.86
2502 3617 0.82
2503 5310 0.92
2504 2 0.03
2505 677 0.86
2506 5608 0.43
2507 416 0.58
2508 4148 0.4
2509 4853 0.84
2510 3059 0.35
2511 2007 0.43
2512 2587 1.55
2513 4885 0.92
2514 4953 1.22
2515 5944 0.49
2516 3827 1.39
2517 521 0.92
2518 1281 0.57
2519 4109 1.2
2520 4701 7.53
2521 5043 0.19
2522 2590 1
2523 125 0.11
2524 4861 0.65
2525 1985 0.15
2526 3450 1.01
2527 838 2.4
2528 4762 0.14
2529 590 0.14
2530 5080 2.12
2531 5663 2.44
2532 3025 2.65
2533 3405 0.04
2534 5508 4.8
2535 2655 0.26
2536 5473 1.76
2537 5362 3.37
2538 2837 1.28
2539 2721 1.4
2540 4507 0.58
2541 251 0.06
2542 5709 1.85
2543 2004 0.29
2544 2757 1.11
2545 306 2.44
2546 2067 0.05
2547 1483 2.79
2548 4697 1.67
2549 3309 1.26
2550 5362 2.56
2551 370 0.91
2552 3846 0.33
2553 5817 1.87
2554 2584 0.03
2555 1206 0.27
2556 5872 0.09
2557 4901 0.91
2558 1083 1.22
2559 4631 0.35
2560 12 0.52
2561 355 1.96
2562 3936 0.64
2563 2590 0.76
2564 5451 2.6
2565 5133 0.27
2566 5143 1.54
2567 537 0.1
2568 4289 0.74
2569 3923 3.55
2570 1700 0.52
2571 3233 1.53
2572 2852 2.2
2573 4101 1.05
2574 75 1.06
2575 978 1.57
2576 4677 0.64
2577 2823 1.43
2578 5737 2.41
2579 4435 0.46
2580 2393 1.6
2581 588 0.2
2582 5496 2.64
2583 1283 2.55
2584 4176 0.87
2585 1711 0.1
2586 2516 3.77
2587 654 1
2588 2732 1.63
2589 3803 1.09
2590 5034 1.78
2591 5820 2.33
2592 4318 0.05
2593 3984 2.25
2594 1824 0.92
2595 3610 0.95
2596 2553 1.34
2597 540 2.06
2598 3503 5.15
2599 4882 2.87
2600 5524 1.39
2601 895 0.01
2602 1183 1.51
2603 2189 1.44
2604 2158 0.6
2605 5109 0.57
2606 5168 0.25
2607 3579 0.59
2608 3653 1.69
2609 4063 1.07
2610 1642 0.12
2611 4084 1.56
2612 4516 0.18
2613 2301 1.11
2614 4801 1.92
2615 921 1.31
2616 4593 0.42
2617 1801 1.44
2618 3158 1.85
2619 2724 2.46
2620 3277 1.74
2621 3727 0.03
2622 5750 1.44
2623 1905 0.96
2624 1014 0.83
2625 5714 2.09
2626 4312 1.75
2627 4872 2.43
2628 3702 3.41
2629 3386 0.04
2630 2975 2.11
2631 2215 4.32
2632 284 1.87
2633 5034 0.1
2634 1069 2.23
2635 5991 0.6
2636 4192 0.39
2637 4744 0.96
2638 5733 1.78
2639 5477 1.88
2640 1343 4.38
2641 3449 0.32
2642 781 0.07
2643 1210 0.92
2644 2368 1.32
2645 1668 2.17
2646 3987 1.34
2647 4389 1.44
2648 714 0.83
2649 2994 0.91
2650 3784 2.24
2651 1900 1.19
2652 659 0.77
2653 1728 2.6
2654 4975 2.09
2655 5821 0.77
2656 3461 0.2
2657 4389 1.62
2658 400 0.3
2659 1184 2.81
2660 3282 0.51
2661 2822 2.72
2662 3631 1.18
2663 2348 0.59
2664 4422 2.4
2665 2916 0.97
2666 1484 3
2667 1813 0.31
2668 5102 0.33
2669 4347 1.37
2670 2210 0.09
2671 575 1.01
2672 4922 1.64
2673 1816 1.53
2674 139 0.61
2675 2292 2.58
2676 4830 6.04
2677 3935 1.7
2678 5894 1.4
2679 1189 0.85
2680 3774 0.19
2681 1543 7.88
2682 1840 3.66
2683 2751 0.9
2684 3374 1.22
2685 2623 1.97
2686 3376 3.16
2687 736 3.14
2688 26 1.64
2689 134 1.78
2690 817 0.86
2691 4253 2.09
2692 1844 1.37
2693 3041 1
2694 1658 2.44
2695 2697 1.8
2696 5531 1.55
2697 3527 1.91
2698 3801 0.68
2699 1527 1.18
2700 4086 0.19
2701 5056 1.69
2702 1110 2.55
2703 3300 0.93
2704 3836 2.43
2705 5903 2.41
2706 5637 1.92
2707 829 1.71
2708 5401 1.48
2709 2641 0.35
2710 3381 1.12
2711 5267 0.23
2712 2461 0.95
2713 540 1.3
2714 5735 2.98
2715 265 5.37
2716 5622 1.88
2717 3194 1.51
2718 5704 1.95
2719 660 1.49
2720 3797 1.72
2721 4257 0.61
2722 3664 1.08
2723 4047 0.33
2724 543 1.84
2725 4415 1.42
2726 5728 0.79
2727 98 3.55
2728 578 2.34
2729 5889 0.93
2730 5713 3.35
2731 1256 0.18
2732 2194 0.27
2733 1183 1.09
2734 5603 0.08
2735 5311 0.9
2736 5054 1.17
2737 1835 3.25
2738 894 2.95
2739 5971 8.42
2740 1329 3.03
2741 3877 0.82
2742 861 0.95
2743 235 1.69
2744 4942 0.86
2745 929 1.26
2746 3614 0.54
2747 37 1.84
2748 5699 3.48
2749 3702 2.78
2750 3204 0.87
2751 2336 0.58
2752 3609 0.73
2753 1999 0.85
2754 5201 1.14
2755 3559 4.43
2756 1372 2.46
2757 5602 0.19
2758 2539 2.57
2759 1749 1.78
2760 4143 0.55
2761 5333 2.46
2762 4397 1.08
2763 2535 0.17
2764 1172 0.62
2765 422 0.64
2766 3611 2.78
2767 922 2.79
2768 3507 0.99
2769 5949 1.05
2770 2403 1.55
2771 793 0.96
2772 1786 2.28
2773 128 0.53
2774 2412 3.18
2775 3553 1.82
2776 2124 1.73
2777 1023 0.6
2778 3574 1.58
2779 5648 1.02
2780 5884 0.61
2781 1405 0.97
2782 4744 1.14
2783 1404 0.01
2784 228 3.06
2785 5512 2.46
2786 5844 2.49
2787 2678 0.75
2788 5760 1.67
2789 3852 2.87
2790 2467 2.29
2791 3479 1.45
2792 3303 0.05
2793 675 3.87
2794 143 0.85
2795 489 1.21
2796 5348 0.65
2797 1445 0.64
2798 4809 4.06
2799 3075 1.36
2800 3938 1.37
2801 5651 1.87
2802 585 0.84
2803 1300 5.71
2804 840 1.8
2805 5618 3.18
2806 4639 0.24
2807 4677 1.29
2808 3249 0.17
2809 3277 1.79
2810 2246 1.14
2811 3575 0.22
2812 4442 2.36
2813 2612 1.3
2814 2374 0.19
2815 1376 3.34
2816 2776 0.35
2817 5397 2.37
2818 4967 0.11
2819 3019 0.5
2820 3221 0.85
2821 3537 1.67
2822 322 0.55
2823 299 0.07
2824 4639 0.38
2825 4181 1.75
2826 1400 1.54
2827 3124 5.82
2828 340 0.51
2829 3909 1.58
2830 1332 0.48
2831 643 2.08
2832 719 1.22
2833 4467 1.11
2834 3502 4.11
2835 3048 2.18
2836 3204 0.31
2837 2260 1.58
2838 2035 1.69
2839 1195 2.42
2840 3407 1.06
2841 1107 1.62
2842 284 2.45
2843 3008 2.28
2844 3495 0.06
2845 1470 1.84
2846 3838 4.23
2847 4816 1.18
2848 5386 2.25
2849 1360 1.75
2850 2187 0.43
2851 5171 1.83
2852 1398 2.02
2853 4779 1.45
2854 3782 2.68
2855 3620 0.11
2856 3927 0.85
2857 5667 0.6
2858 4628 3.13
2859 3559 2.99
2860 3195 0.42
2861 673 0.85
2862 138 2.62
2863 2302 2.04
2864 380 1.28
2865 5053 3.26
2866 699 0.29
2867 3145 2.81
2868 5763 0.28
2869 4171 0.44
2870 5504 0.42
2871 2182 0.71
2872 4829 2.81
2873 171 1.32
2874 5436 1.3
2875 2924 3.16
2876 1830 0.94
2877 3484 0.37
2878 3027 0.44
2879 1257 1.99
2880 3744 0.28
2881 2227 0.58
2882 488 1.3
2883 1930 1.13
2884 5188 0.07
2885 5789 1.57
2886 3567 0.58
2887 3292 3.09
2888 961 1.25
2889 1523 2.63
2890 2894 1.06
2891 2917 0.63
2892 1494 0.15
2893 5222 1.6
2894 1059 2.12
2895 1800 1.89
2896 5979 1.72
2897 3801 0.39
2898 4573 0.15
2899 5547 0.6
2900 5377 1.13
2901 3257 2.42
2902 4857 0.95
2903 5868 0.67
2904 5003 0.07
2905 1065 1.41
2906 3762 4.2
2907 2750 0.81
2908 3960 0.97
2909 4495 1.13
2910 5682 2.01
2911 777 0.62
2912 5320 3.29
2913 4849 0.5
2914 422 0.63
2915 4466 1.83
2916 5844 1.73
2917 5662 1.35
2918 4082 1.86
2919 2067 1.6
2920 3932 0.54
2921 5068 0.72
2922 3560 1.52
2923 5103 0.21
2924 4022 1.83
2925 1882 1.38
2926 4306 0.85
2927 1381 2.17
2928 5043 5.02
2929 355 1.14
2930 407 1.16
2931 2423 0.35
2932 1761 2.45
2933 350 2.01
2934 4758 0.64
2935 5729 1.41
2936 751 0.04
2937 1384 2.22
2938 4 3.99
2939 2466 0.62
2940 3247 1.25
2941 4420 6.86
2942 5043 0.27
2943 5190 2.07
2944 3424 0.15
2945 548 1.83
2946 4263 0.55
2947 3530 2.91
2948 578 1.3
2949 4795 0.37
2950 1356 1.56
2951 1797 1.42
2952 4359 1.63
2953 842 2.47
2954 991 1.09
2955 3270 1.86
2956 5263 3.33
2957 2951 1.46
2958 4574 0.63
2959 3014 1.47
2960 4421 0.71
2961 2527 3.53
2962 4320 1.18
2963 4689 1.03
2964 1076 3.54
2965 3986 1.15
2966 1496 1.38
2967 224 6.26
2968 3047 1.72
2969 2832 3.37
2970 2223 1.32
2971 5714 2.78
2972 2728 0.81
2973 1939 1.85
2974 4967 1.45
2975 1018 0.93
2976 5462 0.37
2977 3578 1.43
2978 712 1.06
2979 5059 1.77
2980 5641 0.91
2981 2997 2.58
2982 5710 2.44
2983 163 0.35
2984 372 0.24
2985 1092 0.68
2986 3062 0.12
2987 2408 5.85
2988 3570 0.45
2989 408 0.69
2990 2723 1.72
2991 4213 1.65
2992 124 0.31
2993 328 0.8
2994 3397 0.14
2995 2382 0.09
2996 1864 1.42
2997 5780 4.34
2998 1008 0.5
2999 128 2.84
3000 5071 0.5
3001 4235 2.39
3002 3300 1.78
3003 5740 0.94
3004 3790 1.76
3005 788 0.78
3006 4777 1.72
3007 104 0.65
3008 1752 0.84
3009 5657 1.25
3010 4133 1.88
3011 5724 0.76
3012 3159 0.92
3013 2759 2.6
3014 1018 1.47
3015 3572 0.62
3016 3481 3.43
3017 2011 2.25
3018 2041 2.43
3019 3667 0.52
3020 5276 2.87
3021 322 2.02
3022 1383 2.67
3023 5924 0.87
3024 4250 0.15
3025 566 1.78
3026 1939 1.32
3027 3428 1.26
3028 3211 2.19
3029 4545 0.65
3030 2494 2.3
3031 2154 0.99
3032 3266 1.56
3033 650 0.42
3034 2787 1.29
3035 5099 1.01
3036 3048 1.29
3037 1366 2.79
3038 232 0.62
3039 4413 1.97
3040 1835 0.56
3041 3034 0.45
3042 1578 1.41
3043 4633 1.08
3044 1322 0.82
3045 1122 0.27
3046 1955 2.48
3047 2230 2.67
3048 4733 1.08
3049 1947 1.27
3050 2904 2
3051 197 0.97
3052 2101 1.73
3053 5672 3.03
3054 5432 0.45
3055 4412 0.59
3056 2624 3.11
3057 4616 2.39
3058 1603 1.88
3059 3673 0.31
3060 5818 0.69
3061 5398 1.58
3062 2374 1.71
3063 3652 0.33
3064 1556 2.36
3065 5450 2.03
3066 5291 0.33
3067 1200 0.66
3068 220 3.92
3069 1223 0.12
3070 4752 0.71
3071 2432 0.35
3072 1961 0.75
3073 1885 1.52
3074 2379 0.68
3075 4503 0.92
3076 2029 1.6
3077 17 1.39
3078 3095 0.36
3079 3028 1.23
3080 1058 0.31
3081 3398 2.03
3082 2502 0.29
3083 3289 0.86
3084 1408 1.2
3085 4322 1.35
3086 1852 0.86
3087 5133 1.06
3088 1749 0.04
3089 5582 0.04
3090 1685 0.94
3091 5741 5.29
3092 2183 1.14
3093 1940 0.12
3094 2173 0.64
3095 4405 1.13
3096 3588 0.72
3097 5075 5.11
3098 3185 0.62
3099 4151 3.54
3100 1064 2.12
3101 1687 0.87
3102 2565 0.24
3103 4963 1.58
3104 1417 1.2
3105 2670 0.59
3106 4399 2.3
3107 4826 0.52
3108 5157 1.76
3109 5215 1.2
3110 4540 0.01
3111 4117 0.19
3112 2706 1.16
3113 4475 2.74
3114 1505 0.39
3115 5704 2.63
3116 3569 1.42
3117 972 0.49
3118 4267 0.55
3119 954 0.94
3120 691 0.03
3121 3252 3.05
3122 4822 0.84
3123 4672 2.05
3124 4553 1.94
3125 5158 1.08
3126 3949 1.14
3127 1828 2.7
3128 3716 1.01
3129 1668 1.36
3130 1073 0.59
3131 39 1.5
3132 981 3.74
3133 5573 3.46
3134 4124 0.63
3135 4258 0.23
3136 4376 0.85
3137 4823 1
3138 613 1.09
3139 2575 1.63
3140 1129 0.19
3141 1431 0.99
3142 3004 3.91
3143 3639 1.86
3144 151 1.07
3145 4580 0.47
3146 1522 2.56
3147 1440 1.91
3148 4240 3.37
3149 3178 0.24
3150 2627 0.78
3151 415 0.41
3152 3939 1.44
3153 3587 4.15
3154 1075 2.29
3155 5324 0.02
3156 5024 0.2
3157 2301 1.43
3158 5890 1.25
3159 4514 0.36
3160 671 0.08
3161 3557 0.85
3162 499 1.25
3163 3442 2.05
3164 818 2.35
3165 4911 1.96
3166 3762 0.9
3167 5465 3.95
3168 2527 2.71
3169 3917 0.79
3170 1464 1.82
3171 2689 2.37
3172 3474 1.24
3173 719 0.86
3174 1110 0.89
3175 276 2.25
3176 2174 0.69
3177 1880 1.34
3178 4901 2.39
3179 2360 1.6
3180 1919 1.75
3181 805 1.75
3182 401 3.26
3183 3900 0.15
3184 5168 1.61
3185 1174 2.25
3186 1217 1.25
3187 2508 3.4
3188 333 0.04
3189 5217 3.77
3190 3359 1.32
3191 3619 0.95
3192 1184 0.13
3193 979 0.53
3194 2385 2.92
3195 3063 1.42
3196 3857 0.45
3197 1051 1.25
3198 1267 1.31
3199 2400 1.91
3200 5304 0.31
3201 1114 2.35
3202 5620 4.8
3203 2792 2.37
3204 3361 0.38
3205 1278 2.47
3206 5535 0.19
3207 932 0.17
3208 1396 2.17
3209 714 0.15
3210 4052 2.89
3211 653 0.96
3212 1198 2.19
3213 2656 3.22
3214 2606 2.67
3215 4072 3.34
3216 1713 1.95
3217 2499 0.44
3218 4024 1.61
3219 4559 0.36
3220 2281 0.92
3221 5256 2.1
3222 903 0.45
3223 52 0.05
3224 1603 4.55
3225 166 3.58
3226 840 3.89
3227 5547 0.15
3228 706 1.55
3229 1778 1.35
3230 2171 3.19
3231 5450 2.08
3232 5629 1.76
3233 3656 0.04
3234 1075 1.58
3235 5282 1.42
3236 5357 1.27
3237 347 1.49
3238 4022 2.77
3239 145 0.09
3240 3536 3.79
3241 4613 0.32
3242 1236 0.04
3243 159 1.65
3244 4797 1.77
3245 926 1.29
3246 487 1.05
3247 1377 0.33
3248 2769 2.06
3249 2892 2.19
3250 5063 0.62
3251 4394 0.47
3252 1062 0.03
3253 1534 0.06
3254 5028 0.68
3255 5687 2.67
3256 1859 0.45
3257 569 0.78
3258 5994 1.67
3259 4516 0.05
3260 5901 0.41
3261 2777 2.46
3262 289 2.05
3263 3589 2.7
3264 1411 1.71
3265 4903 0.17
3266 3036 1.13
3267 357 2.23
3268 4808 2.61
3269 2639 2.03
3270 5323 0.19
3271 3650 1.89
3272 4485 1.6
3273 1000 1.1
3274 4021 2.85
3275 4373 1.08
3276 671 0.96
3277 849 2.39
3278 4917 1.97
3279 5564 1.44
3280 5568 0.63
3281 505 0.45
3282 5881 0.91
3283 2367 2.51
3284 4903 1.04
3285 4295 0.62
3286 4083 1.11
3287 816 1.53
3288 1193 1.49
3289 5225 1.26
3290 5944 1.8
3291 5563 0.61
3292 5526 0.67
3293 1519 0.33
3294 811 0.96
3295 689 1.67
3296 588 1.97
3297 2917 0.63
3298 54 2.09
3299 3633 0.17
3300 992 0.94
3301 451 2.06
3302 4751 1.23
3303 1466 0.92
3304 3801 0.96
3305 5465 1.15
3306 1549 3.79
3307 175 2.67
3308 3061 1.01
3309 751 0.17
3310 1644 0.9
3311 4654 0.1
3312 2303 4.19
3313 1982 0.44
3314 454 0.02
3315 1416 0.09
3316 3775 1.23
3317 423 0.26
3318 5887 5.27
3319 4264 4
3320 994 0.68
3321 5435 2.52
3322 2893 0.21
3323 3770 3.01
3324 1607 1.12
3325 2585 3.44
3326 3814 0.39
3327 2408 0.33
3328 1452 1.97
3329 4013 1.87
3330 3273 1.02
3331 5158 0.07
3332 2776 2.55
3333 1539 1.98
3334 2543 1.95
3335 5643 1.17
3336 1295 0.52
3337 3657 1.19
3338 1469 0.02
3339 3239 1.98
3340 950 2.67
3341 1653 0.41
3342 1568 2.38
3343 629 0.38
3344 3777 1.92
3345 5485 3.71
3346 1952 0.43
3347 3168 4.88
3348 249 0.58
3349 1334 0.01
3350 5541 0.43
3351 3389 1.1
3352 1106 0.55
3353 924 1.04
3354 5270 1.84
3355 186 0.45
3356 4921 0.38
3357 5782 0.23
3358 3246 2.3
3359 1411 1.07
3360 2019 1.36
3361 3901 1.12
3362 5950 0.22
3363 3162 0.17
3364 2733 0.15
3365 775 9.2
3366 2864 1.97
3367 3516 0.69
3368 2312 0.39
3369 5417 0.8
3370 3928 2.19
3371 3689 0.52
3372 5212 0.12
3373 5721 3.96
3374 3480 1.46
3375 1916 2.65
3376 2183 0.58
3377 2485 1.48
3378 3261 2.03
3379 2614 1.92
3380 5676 3.69
3381 1846 1.86
3382 1285 0.14
3383 2641 0.72
3384 1792 1.04
3385 1241 0.81
3386 3400 1.36
3387 3486 3.44
3388 1505 1.83
3389 875 0.64
3390 1193 0.7
3391 1545 1.57
3392 5589 0.33
3393 5272 0.8
3394 1198 0.76
3395 4933 3.21
3396 1976 1.52
3397 2565 0.49
3398 3019 0.56
3399 1555 0.83
3400 5764 0.46
3401 131 1.5
3402 4121 1.01
3403 2512 0.58
3404 3259 2.3
3405 2652 0.76
3406 2943 2.28
3407 50 0.9
3408 5456 0.77
3409 2134 0.11
3410 1673 1.84
3411 1075 1.69
3412 2930 0.77
3413 964 2.28
3414 3292 1.16
3415 5257 0.68
3416 4984 4.1
3417 3188 0.71
3418 1232 1.75
3419 4270 0.37
3420 1551 2.55
3421 3109 3.6
3422 363 0.28
3423 748 0.94
3424 355 0.7
3425 2996 2.22
3426 5781 1.89
3427 3990 0.68
3428 5266 2.34
3429 5850 2.16
3430 3679 1.38
3431 1583 1.29
3432 5196 1.99
3433 978 1.38
3434 897 1.17
3435 2540 3.37
3436 2143 1.16
3437 3247 1.81
3438 2564 0.48
3439 3242 1.92
3440 3344 1.36
3441 3779 0.43
3442 955 0.02
3443 44 3.93
3444 2319 1.94
3445 5828 3.54
3446 1256 0.27
3447 4857 1.4
3448 1575 1.62
3449 2758 2.36
3450 5254 0.27
3451 2636 1.01
3452 3368 0.62
3453 2555 2.43
3454 3206 1.33
3455 5188 2.36
3456 3979 1.03
3457 5925 0.08
3458 656 1.87
3459 2084 2.74
3460 4255 4.61
3461 4515 1.12
3462 2162 0.2
3463 1404 0.89
3464 5453 2.31
3465 69 1.13
3466 3878 1.33
3467 5154 4.75
3468 3027 0.56
3469 1674 5.1
3470 1697 1.32
3471 522 1.86
3472 3868 1.5
3473 3093 1.39
3474 5311 1.68
3475 1225 1.25
3476 1025 0.02
3477 1428 1.54
3478 1842 2.44
3479 4918 0.68
3480 3122 1.02
3481 3344 0.61
3482 4086 0.74
3483 722 0.1
3484 4177 2.08
3485 2973 2.6
3486 1740 3.18
3487 3381 4.31
3488 830 0.07
3489 5753 1.38
3490 5365 0.33
3491 3464 1.53
3492 5536 0.32
3493 534 0.98
3494 5014 0.2
3495 1903 0.76
3496 5084 1.09
3497 4618 0.03
3498 1092 1.17
3499 710 2.34
3500 2302 1.14
3501 2855 0.28
3502 5389 0.54
3503 3955 1.7
3504 3269 3.59
3505 4880 2.12
3506 137 1.06
3507 2898 0.95
3508 4764 1.78
3509 794 0.16
3510 4355 2.21
3511 2031 2.91
3512 5666 0.7
3513 3946 0.05
3514 49 1.85
3515 4110 1.08
3516 5178 1.27
3517 1873 1.62
3518 1362 0.84
3519 3219 1.1
3520 2533 1.37
3521 1442 3.26
3522 3621 1.55
3523 2060 0.48
3524 1430 0.13
3525 1861 0.01
3526 4161 1.92
3527 5014 0.03
3528 5403 1.47
3529 2869 1.9
3530 2036 2.19
3531 1871 0.87
3532 164 3.4
3533 5435 0.28
3534 4747 1.66
3535 4088 1.53
3536 4970 1.53
3537 5804 0.45
3538 4628 2.08
3539 3545 2.24
3540 2679 1.28
3541 4405 1.32
3542 1409 0.03
3543 4157 2.03
3544 1913 2.17
3545 300 1.55
3546 5925 2.87
3547 3968 1.42
3548 2034 2.27
3549 4519 0.18
3550 5901 2.85
3551 2227 2.34
3552 1418 0.84
3553 2033 1.58
3554 4984 1.64
3555 1867 1.99
3556 5334 1.2
3557 5526 0.68
3558 4030 3.23
3559 1333 1.35
3560 3349 0.36
3561 2100 0.87
3562 370 0.2
3563 699 1.79
3564 3913 1.64
3565 3019 3.69
3566 2416 2.04
3567 1368 0.89
3568 5415 0.93
3569 4065 0.98
3570 2984 1.14
3571 3219 0.56
3572 5884 2.4
3573 4960 2.6
3574 4051 1.67
3575 3871 0.25
3576 4611 2
3577 822 1.06
3578 1537 0.39
3579 2811 1
3580 1040 3.33
3581 5501 0.84
3582 3527 0.74
3583 1332 0.05
3584 477 1.92
3585 591 2.54
3586 5561 0.24
3587 643 3.29
3588 311 1.21
3589 1321 2.29
3590 1490 0.71
3591 5951 2.83
3592 3790 1.26
3593 3218 1.37
3594 1928 1.24
3595 2380 4.24
3596 940 1.02
3597 4519 0.28
3598 2414 1.5
3599 5786 1.48
3600 4933 0.7
3601 2018 3.13
3602 2303 1.61
3603 1995 1.81
3604 3454 2.82
3605 840 1.63
3606 2708 2
3607 4937 3.66
3608 5093 0.05
3609 5157 0.7
3610 5053 0.37
3611 1269 0.29
3612 3088 0.51
3613 5221 2.11
3614 1564 0.29
3615 1085 1.61
3616 2822 0.49
3617 3009 0.06
3618 2261 2.72
3619 764 2.47
3620 803 0.26
3621 979 1.53
3622 2590 1.82
3623 3782 0.56
3624 1117 5.84
3625 246 1.66
3626 4788 2.18
3627 2270 4.61
3628 5311 8.86
3629 3894 0.05
3630 3587 2.24
3631 1139 1.47
3632 4398 1.25
3633 3408 0.2
3634 1282 0.87
3635 442 0.72
3636 5893 1.14
3637 614 0.37
3638 3744 2.5
3639 2038 0.56
3640 1898 1.62
3641 5200 3.76
3642 5233 2.45
3643 3480 0.65
3644 2606 3.47
3645 2187 1.07
3646 2577 1.13
3647 3311 0.92
3648 2539 1.6
3649 3084 0.12
3650 4595 0.69
3651 3795 0.85
3652 2052 1.64
3653 5281 1.61
3654 4881 2.31
3655 2241 2.05
3656 5272 0.49
3657 3126 0.51
3658 5473 1.68
3659 2721 0.87
3660 4824 1.07
3661 5848 1.25
3662 4078 4.52
3663 1288 1.1
3664 5902 0.16
3665 4867 1.5
3666 1926 0.74
3667 3758 0.85
3668 4584 2.75
3669 1700 5.27
3670 3110 1.26
3671 2300 1.42
3672 5773 1.37
3673 396 2.88
3674 5809 0.81
3675 705 1.6
3676 2378 0.24
3677 1274 1.91
3678 1438 0.72
3679 1530 0.53
3680 397 0.43
3681 3665 0.32
3682 4673 0.35
3683 3821 1.89
3684 4619 1.59
3685 4907 0.08
3686 5212 0.87
3687 4625 1.04
3688 2030 2.83
3689 5444 0.29
3690 1117 2.3
3691 85 0.06
3692 807 3.72
3693 301 0.85
3694 5889 1.89
3695 4861 2.73
3696 5434 1.5
3697 4826 0.44
3698 5445 0.64
3699 47 0.26
3700 2433 1.12
3701 919 1.6
3702 4223 0.52
3703 1647 1.87
3704 5563 0.9
3705 1575 4.72
3706 2908 1.76
3707 1969 0.87
3708 4884 0.5
3709 417 0.68
3710 181 2.32
3711 2345 1.6
3712 544 3.31
3713 3287 1.56
3714 3787 0.06
3715 5027 0.96
3716 3367 1.04
3717 4845 3.24
3718 2939 1.58
3719 3217 1.84
3720 3021 2.02
3721 4338 2.71
3722 4608 0.86
3723 5407 1.37
3724 2600 1.48
3725 2207 0.65
3726 3317 0.4
3727 872 0.73
3728 1475 2.87
3729 3145 1.03
3730 2711 2.29
3731 13 0.71
3732 1226 1.13
3733 583 0.67
3734 420 0.69
3735 5766 3.63
3736 2764 3.05
3737 3173 2.12
3738 1387 1.23
3739 1131 2.71
3740 1369 0.13
3741 3055 0.31
3742 3560 1.24
3743 3850 3.13
3744 5972 0.1
3745 432 0.27
3746 1519 1.1
3747 2895 0.21
3748 2940 0.13
3749 4706 0.02
3750 5570 2.78
3751 5820 3.28
3752 4798 2.17
3753 5804 1.64
3754 4678 4.08
3755 2595 1.66
3756 105 1.1
3757 4096 0.31
3758 5241 1.09
3759 2595 0.72
3760 482 1.84
3761 1724 3.35
3762 3234 1.97
3763 3853 2.3
3764 5282 1.7
3765 2206 0.1
3766 5888 1.35
3767 5334 0.79
3768 2411 2.91
3769 671 1.52
3770 1137 1.31
3771 5141 0.73
3772 4985 0.09
3773 390 2
3774 5935 0.78
3775 3414 1.17
3776 5268 3.1
3777 1488 1.34
3778 3064 1.93
3779 4263 0.7
3780 2976 0.95
3781 4327 1.03
3782 5446 0.19
3783 2886 1.07
3784 75 1.24
3785 1448 0.8
3786 3074 0.92
3787 627 1.52
3788 3833 3.06
3789 1480 0.1
3790 1872 0.19
3791 2526 0.14
3792 4195 1.59
3793 5214 2.88
3794 4469 1.57
3795 2985 2.33
3796 3001 0.26
3797 3785 1.89
3798 4574 0.22
3799 2958 3.24
3800 1275 0.81
3801 1809 1.12
3802 5423 0.71
3803 494 1.13
3804 1653 1.58
3805 3213 2.66
3806 1831 0.59
3807 1952 1.07
3808 5042 1.9
3809 1290 0.47
3810 3693 0.39
3811 585 2.63
3812 3073 0.93
3813 733 7.98
3814 5265 0.91
3815 2693 1.02
3816 3841 2.96
3817 3618 2.27
3818 1423 0.34
3819 5934 2.46
3820 367 6.71
3821 3272 1.67
3822 1130 3.49
3823 4463 5.03
3824 5038 7.85
3825 4137 0.33
3826 1311 3.25
3827 3488 0.5
3828 1408 1.1
3829 5666 0.88
3830 5244 1.9
3831 4893 0.45
3832 3004 2.36
3833 2066 1.35
3834 3422 0.26
3835 5924 0.07
3836 347 2.23
3837 3296 3.5
3838 2718 0.58
3839 692 1.19
3840 234 2.19
3841 3678 1.94
3842 3678 0.26
3843 4797 2.49
3844 4126 0.77
3845 3971 1.02
3846 2958 1.35
3847 5429 2.98
3848 4618 1.55
3849 2012 3.98
3850 4545 2.62
3851 5760 0.59
3852 3397 0.52
3853 4255 0.94
3854 511 2.13
3855 3033 1.57
3856 3350 0.31
3857 734 0.11
3858 5795 1.95
3859 5686 0.16
3860 4078 0.36
3861 1120 0.64
3862 1788 3.01
3863 5013 0.73
3864 4697 1.03
3865 2782 3.44
3866 5935 0.25
3867 4398 1.9
3868 5632 0.03
3869 513 7.4
3870 4475 1.29
3871 4854 0.1
3872 5874 1.72
3873 2497 0.74
3874 3986 1.41
3875 1414 0.46
3876 5865 0.08
3877 43 1.39
3878 995 0.79
3879 2683 0.89
3880 4066 1.95
3881 2732 1.52
3882 4092 1.78
3883 4791 0.5
3884 1186 2.39
3885 3899 2.72
3886 2566 2.41
3887 760 0.4
3888 286 0.59
3889 3472 4.2
3890 1973 2.03
3891 323 1.41
3892 1774 1.46
3893 2566 1.89
3894 4880 1.71
3895 3842 0.33
3896 1769 1.99
3897 4414 2.63
3898 1058 0.88
3899 5720 2.67
3900 178 0.49
3901 1821 1.18
3902 4392 0.51
3903 913 1.01
3904 4771 1.45
3905 3141 0.79
3906 144 4.1
3907 1023 0.33
3908 1833 0.86
3909 5674 1.17
3910 3003 2.58
3911 2957 0.56
3912 2816 2.69
3913 3087 1.6
3914 4948 2.01
3915 317 5.86
3916 3253 4.95
3917 830 0.96
3918 5831 1.85
3919 885 2.17
3920 2902 0.94
3921 4637 4.71
3922 4175 0.59
3923 2320 1.28
3924 5660 1.16
3925 1395 0.23
3926 5413 1.04
3927 4176 0.29
3928 5011 2.12
3929 1436 0.48
3930 5803 0.23
3931 2976 1.12
3932 4764 0.68
3933 1824 0.27
3934 3599 3.67
3935 2811 0.02
3936 3833 0.85
3937 1543 1.08
3938 3741 0.96
3939 406 0.28
3940 5445 1.45
3941 3744 2.43
3942 1808 1.2
3943 281 0.13
3944 4293 1.9
3945 1833 0.6
3946 495 0.86
3947 5426 1.26
3948 321 2.69
3949 1356 0.53
3950 3440 1.93
3951 2301 1.21
3952 5242 0.79
3953 2345 0.97
3954 1958 0.25
3955 824 1.58
3956 1927 1.75
3957 180 0.17
3958 80 0.74
3959 5663 1.05
3960 4291 1.7
3961 1552 2.45
3962 317 1.83
3963 2357 1.92
3964 1012 1.7
3965 1166 0.03
3966 3854 3.28
3967 3886 6.92
3968 4458 0.81
3969 163 2.64
3970 3400 2.14
3971 2652 0.41
3972 4950 2.9
3973 2744 0.29
3974 446 2.57
3975 5874 1.02
3976 5407 0.89
3977 1532 1.04
3978 1569 7.05
3979 1779 0.67
3980 904 2.07
3981 233 0.57
3982 1514 0.24
3983 3538 1.52
3984 4631 0.27
3985 5652 2.01
3986 5150 0.11
3987 5272 1.73
3988 3317 1.33
3989 3424 0.37
3990 3782 1.57
3991 5909 0.15
3992 2224 2.34
3993 4740 2.16
3994 625 1.41
3995 1896 0.53
3996 4975 1.28
3997 1217 1.02
3998 41 2.86
3999 4170 0.85
4000 4015 1.07
4001 3871 1.78
4002 1872 1.45
4003 314 3.74
4004 2486 0.45
4005 603 1.77
4006 1993 2.27
4007 3337 1.36
4008 441 0.35
4009 3289 0.54
4010 405 1.24
4011 1731 0.51
4012 3012 0.01
4013 2893 1.36
4014 2312 1.07
4015 1015 0.29
4016 4703 1.17
4017 520 4.25
4018 1808 1.7
4019 1503 0.21
4020 3790 1.82
4021 1010 1.06
4022 4116 1.36
4023 3756 1.09
4024 3004 0.95
4025 2097 1.11
4026 925 0.93
4027 829 1.24
4028 1482 1.23
4029 5277 1.38
4030 5771 2.91
4031 984 3.14
4032 4404 1.27
4033 1045 0.51
4034 4678 1
4035 2832 1.24
4036 4572 0.07
4037 5750 2.37
4038 111 0.08
4039 2647 1.83
4040 1282 0.4
4041 5397 1.03
4042 4227 0.39
4043 5833 0.36
4044 2824 2.91
4045 3417 0.1
4046 166 1.04
4047 5821 0.19
4048 4487 1.44
4049 2504 2.8
4050 4656 0.41
4051 3984 0.02
4052 4891 0.27
4053 5185 0.64
4054 807 0.22
4055 2461 1.19
4056 4492 0.16
4057 530 0.71
4058 3051 0.91
4059 5148 0.72
4060 207 2.26
4061 555 1.82
4062 2616 2.26
4063 2378 2.16
4064 5949 3.06
4065 1093 1.23
4066 693 1.87
4067 4273 1.17
4068 2176 0.32
4069 2113 0.15
4070 1352 2.52
4071 4585 0.65
4072 4134 1.65
4073 503 0.38
4074 5286 3.03
4075 2720 3.69
4076 714 2.33
4077 4934 1.22
4078 78 1.64
4079 312 0.29
4080 2420 0.75
4081 324 2.57
4082 3631 0.85
4083 3251 0.23
4084 3369 1.69
4085 4653 0.97
4086 2375 1.02
4087 5860 0.07
4088 3969 1.56
4089 865 0.45
4090 4360 0.07
4091 1171 1.58
4092 1706 1.09
4093 4045 1
4094 5172 5.81
4095 2437 2.33
4096 3314 0.93
4097 5144 3.71
4098 3129 2.79
4099 1652 1.22
4100 3928 1.74
4101 898 0.98
4102 2573 0.93
4103 5742 2.02
4104 976 0.45
4105 3027 2.71
4106 4491 0.32
4107 132 1.32
4108 1396 0.54
4109 5270 0.03
4110 1379 0.54
4111 3999 0.24
4112 4778 1.3
4113 5655 1.04
4114 987 0.82
4115 4796 1.25
4116 4306 1.03
4117 3257 0.69
4118 4654 1.52
4119 4965 3.03
4120 4441 2.92
4121 780 0.66
4122 3851 2.86
4123 3757 2.5
4124 1764 0.89
4125 2166 1.72
4126 400 0.89
4127 3080 1.72
4128 113 2.61
4129 2683 0.34
4130 5359 1.77
4131 2278 0.07
4132 1162 1.2
4133 4361 1.4
4134 3458 1.12
4135 3179 1.19
4136 4552 0.14
4137 227 1.78
4138 1501 0.55
4139 93 0.48
4140 767 4.14
4141 2402 1.68
4142 43 0.16
4143 3951 0.72
4144 429 0.12
4145 521 0.67
4146 3125 1.26
4147 1951 1.78
4148 436 0.32
4149 2817 5.22
4150 2800 1.24
4151 3117 0.91
4152 2400 0.8
4153 5025 0.73
4154 1713 1.8
4155 3601 3.15
4156 4633 0.47
4157 4487 1.43
4158 3614 2.99
4159 2227 0.32
4160 2521 0.99
4161 3679 0.23
4162 5575 0.5
4163 5764 0.36
4164 149 0.83
4165 5945 0.46
4166 642 2.94
4167 3264 0.66
4168 5278 0.68
4169 5101 1.83
4170 3649 0.13
4171 4822 1.54
4172 5514 1.35
4173 5751 0.13
4174 985 1
4175 1661 0.91
4176 5771 0.89
4177 89 0.59
4178 977 0.49
4179 340 4.82
4180 4447 1.22
4181 83 0.01
4182 802 0.17
4183 4002 1.94
4184 5738 2.19
4185 5078 0.45
4186 3036 1.74
4187 3394 0.05
4188 251 1.95
4189 5981 1.13
4190 1873 4.79
4191 3834 1.52
4192 4473 0.43
4193 5904 4.59
4194 1975 0.76
4195 2219 1.13
4196 1016 0.73
4197 4199 1.03
4198 4733 0.84
4199 3088 0.54
4200 4145 0.5
4201 5656 0.1
4202 4675 2.6
4203 3048 1.25
4204 2618 2.77
4205 3731 1.19
4206 4968 0.69
4207 3150 0.39
4208 5535 0.96
4209 3221 0.26
4210 80 0.97
4211 2033 3.09
4212 75 1.37
4213 768 1.04
4214 3334 1.87
4215 3114 0.39
4216 752 1.75
4217 2822 2.03
4218 3982 1.92
4219 33 0.47
4220 4683 0.87
4221 2464 1.12
4222 614 1.67
4223 2771 1.45
4224 5377 1.35
4225 5093 1.69
4226 3143 1.13
4227 1157 0.34
4228 2386 1.33
4229 5325 0.72
4230 3419 1.48
4231 3677 2.95
4232 4607 3.47
4233 1827 2.62
4234 5999 2.59
4235 2810 1.27
4236 4347 1.38
4237 5398 2.85
4238 3070 1.89
4239 140 0.87
4240 3102 1.2
4241 280 1.8
4242 936 0.21
4243 1326 2.42
4244 5976 0.62
4245 4317 3.17
4246 5241 0.57
4247 4918 1.99
4248 3924 1.33
4249 585 2.13
4250 2838 1.66
4251 5727 1.19
4252 2010 0.42
4253 2800 2.25
4254 3275 2.5
4255 1610 0.96
4256 3055 0.04
4257 921 1.19
4258 1737 1.43
4259 1838 0.86
4260 4187 1.1
4261 5979 0.89
4262 2267 1.24
4263 2600 0.35
4264 4938 1.28
4265 2614 1.16
4266 4771 3.93
4267 5238 3.09
4268 5251 3.93
4269 1418 2.03
4270 5339 1.39
4271 476 2.3
4272 2487 0.18
4273 1862 0.73
4274 2713 1.3
4275 5479 0.4
4276 5916 3.16
4277 2657 1.48
4278 1979 0.4
4279 4050 2.2
4280 5592 1.05
4281 4651 0.05
4282 2800 0.4
4283 3766 2.85
4284 3378 6.57
4285 5359 0.48
4286 236 7.34
4287 2577 0.91
4288 3526 1.81
4289 4375 2.25
4290 3422 3.49
4291 1271 1.69
4292 5079 0.16
4293 4669 0.82
4294 4378 1.14
4295 3484 2.21
4296 713 1.98
4297 4621 1.52
4298 3169 1.36
4299 1607 0.17
4300 3784 0.9
4301 3665 1.31
4302 766 5.06
4303 2840 0.57
4304 2154 1.1
4305 5362 1.88
4306 3582 0.08
4307 2722 1.62
4308 4051 0.87
4309 592 0.13
4310 2801 1.01
4311 3216 0.95
4312 3671 0.46
4313 4793 5.14
4314 834 1.99
4315 2516 2.54
4316 5794 5.45
4317 3182 2.11
4318 1721 0.01
4319 2688 2.88
4320 2930 1.93
4321 261 1.13
4322 2636 0.88
4323 3324 3.54
4324 5701 1.17
4325 4840 1.06
4326 5648 0.33
4327 5050 1.92
4328 2051 0.55
4329 3044 0.02
4330 2628 4.02
4331 1459 2.41
4332 949 0.32
4333 2391 1.04
4334 3718 0.27
4335 4505 2.1
4336 5760 1.66
4337 5247 3.63
4338 5083 0.74
4339 2524 4.23
4340 5480 1.01
4341 476 3.1
4342 298 3.22
4343 3638 2.98
4344 760 1.02
4345 5339 1.2
4346 1116 0.75
4347 770 1.08
4348 1479 1.32
4349 3852 4.56
4350 5630 3.36
4351 3233 1.87
4352 258 3.14
4353 5479 0.97
4354 4527 0.4
4355 5791 1.3
4356 1632 1.69
4357 5459 1.28
4358 3650 1.45
4359 4905 0.48
4360 3141 1.89
4361 1566 1.76
4362 2927 0.61
4363 2645 2.11
4364 4487 0.88
4365 3969 1.66
4366 4451 1.49
4367 3713 0.18
4368 4763 1.33
4369 3606 1.63
4370 3424 0.9
4371 3753 0.09
4372 3943 3.26
4373 334 1.54
4374 361 1.75
4375 225 1.72
4376 263 0.14
4377 3352 1.04
4378 1891 0.99
4379 4755 1.13
4380 5150 1.58
4381 2084 1.07
4382 3112 0.81
4383 671 2.07
4384 2589 0.88
4385 5477 1.9
4386 2397 2.45
4387 5027 0.65
4388 5812 1.23
4389 444 1.59
4390 4493 0.59
4391 4222 1
4392 5092 0.54
4393 1011 0.16
4394 5850 1.16
4395 3842 1.11
4396 337 0.97
4397 5658 0.3
4398 1639 0.84
4399 315 1.25
4400 292 1.18
4401 551 0.22
4402 3786 1.19
4403 5708 1.88
4404 2419 1.32
4405 3107 1.6
4406 323 3.5
4407 1569 0.89
4408 1843 2.29
4409 3881 0.06
4410 4013 9.17
4411 5965 0.57
4412 1071 1.06
4413 3259 1.84
4414 1118 0.25
4415 3699 0.19
4416 5406 1.53
4417 4765 0.67
4418 809 1.28
4419 4228 1.38
4420 4801 2.94
4421 3833 1.38
4422 3852 0.44
4423 5761 1.93
4424 5349 1.79
4425 5278 0.85
4426 4525 0.4
4427 1737 1.22
4428 4672 0.22
4429 5429 3.1
4430 395 3.31
4431 3937 1.9
4432 4711 2.21
4433 1950 0.49
4434 1983 1.82
4435 4700 1.5
4436 2694 0.38
4437 5477 0.34
4438 3414 1.51
4439 2606 0.5
4440 1999 0.31
4441 1168 0.07
4442 1076 1.91
4443 1505 0.06
4444 5476 4.26
4445 4287 2.86
4446 3136 1.11
4447 5520 0.67
4448 5514 1.49
4449 5078 1.54
4450 1041 0.01
4451 2237 0.17
4452 5799 4.13
4453 2851 1.72
4454 680 0.31
4455 4435 3.83
4456 5035 1.99
4457 1394 0.12
4458 5421 0.58
4459 379 0.82
4460 5664 1.35
4461 3090 1.03
4462 711 0.78
4463 5781 0.73
4464 4443 2.05
4465 5349 0.02
4466 3676 0.82
4467 1501 1.85
4468 465 0.06
4469 3426 1.83
4470 2731 4.42
4471 1157 0.7
4472 28 0.77
4473 593 0.55
4474 659 0.5
4475 3282 1.47
4476 2377 2.72
4477 1737 3.66
4478 3601 1.92
4479 3506 1.74
4480 4549 0.63
4481 2495 1.44
4482 2287 0.17
4483 4558 0.89
4484 3951 0.75
4485 5907 1.88
4486 3597 0.09
4487 5828 1.84
4488 5175 0.36
4489 1065 0.75
4490 1256 2.6
4491 3414 0.93
4492 1730 1.66
4493 5701 0.58
4494 2412 0.01
4495 2430 0.51
4496 4111 0.72
4497 721 0.04
4498 734 1.46
4499 4050 1.55
4500 1797 1.03
4501 4824 1.23
4502 3262 0.76
4503 2328 0.49
4504 5053 0.57
4505 1234 0.33
4506 5208 1.2
4507 596 0.71
4508 5052 4.84
4509 4738 1.31
4510 1853 2.71
4511 4920 1.7
4512 2874 1.46
4513 5099 2.28
4514 2629 0.97
4515 67 1.08
4516 5150 0.19
4517 4363 1.87
4518 4529 1.4
4519 2422 0.9
4520 3461 0.19
4521 375 1.15
4522 3265 1.72
4523 5404 0.75
4524 128 1.82
4525 3983 0.26
4526 1850 1.21
4527 3802 0.31
4528 2012 4.01
4529 3694 0.13
4530 1485 0.02
4531 5377 1.19
4532 1199 1.24
4533 2232 1.23
4534 4050 1
4535 303 2.22
4536 1152 1.35
4537 827 0.27
4538 2390 2.25
4539 483 5.5
4540 3331 0.48
4541 5973 2.73
4542 593 0.71
4543 659 0.71
4544 598 2.86
4545 4018 1.12
4546 4731 0.01
4547 5592 1.5
4548 5645 1.21
4549 80 0.98
4550 3356 1.6
4551 1325 0.18
4552 558 0.46
4553 4471 0.85
4554 4792 1.66
4555 3344 1.58
4556 4170 0.9
4557 980 0.93
4558 3659 0.92
4559 5336 0.01
4560 2140 2.96
4561 2747 8.05
4562 5645 0.6
4563 4601 3.12
4564 1199 1.6
4565 4198 2.92
4566 2019 1.21
4567 2427 3.07
4568 1668 1.12
4569 5272 0.85
4570 5164 0.06
4571 5269 0.43
4572 3009 0.05
4573 4395 1.15
4574 5322 0.24
4575 4604 0.55
4576 3211 0.49
4577 350 1.94
4578 5125 0.98
4579 5496 0.16
4580 2164 1.16
4581 838 3.56
4582 2241 1.35
4583 5511 1.37
4584 5908 2.72
4585 3208 1.68
4586 2636 0.76
4587 1652 1.01
4588 5340 1.34
4589 1293 3.57
4590 5052 1.13
4591 4870 2.05
4592 3694 1.88
4593 2566 1.21
4594 303 2.14
4595 3398 0.41
4596 996 1.33
4597 2212 1.85
4598 4404 2.08
4599 5315 2.13
4600 2420 1.08
4601 2931 0.3
4602 3166 0.4
4603 5838 3.21
4604 3400 1
4605 848 2.16
4606 5333 0.52
4607 1765 0.23
4608 4848 1.2
4609 2871 1.27
4610 4220 2.76
4611 467 1.99
4612 4778 0.34
4613 5862 1.72
4614 4404 0.22
4615 4931 1.77
4616 3696 1.69
4617 2901 1.81
4618 4998 3.57
4619 2768 2.78
4620 4632 6.82
4621 3667 1.96
4622 5305 1.57
4623 4407 0.25
4624 5255 0.56
4625 4690 0.78
4626 2225 0.24
4627 4612 0.4
4628 997 0.7
4629 2187 1.42
4630 3789 0.27
4631 4192 0.64
4632 2341 1
4633 3040 1.5
4634 4154 2.67
4635 148 2.04
4636 3762 1.21
4637 2787 1.98
4638 4562 1.08
4639 1002 0.86
4640 3223 1.58
4641 4497 1.92
4642 3700 0.7
4643 609 3.2
4644 2171 0.04
4645 368 2.04
4646 2658 2.37
4647 5999 1.29
4648 5769 1.43
4649 3068 4.1
4650 2587 2.18
4651 2430 1.6
4652 4501 1.97
4653 1957 1.2
4654 2430 1.05
4655 123 1.95
4656 4717 1.73
4657 740 2.83
4658 1882 1.14
4659 4208 2.01
4660 4689 0.73
4661 1797 0.44
4662 844 0.31
4663 1368 0.5
4664 5516 0.12
4665 1970 0.13
4666 2958 1.65
4667 1583 0.31
4668 4422 0.81
4669 650 0.5
4670 2415 2.73
4671 3700 3.5
4672 4262 1.12
4673 2993 0.65
4674 5481 0.77
4675 3663 0.82
4676 2450 1.53
4677 5834 2.09
4678 4072 1.55
4679 4810 1.69
4680 1912 2.2
4681 5833 2.71
4682 243 0.3
4683 517 1.39
4684 857 0.18
4685 4329 0.69
4686 4985 4.6
4687 1522 0.59
4688 2767 0.7
4689 704 0.58
4690 5187 0.25
4691 1793 1.69
4692 4105 2.2
4693 713 1.37
4694 1564 1.86
4695 393 2.07
4696 2459 0.81
4697 5821 0.94
4698 4556 0.05
4699 5096 3.78
4700 5698 0.44
4701 1821 0.09
4702 5852 1.13
4703 1420 2.06
4704 1349 1.31
4705 697 1.24
4706 2300 1.52
4707 708 1.19
4708 581 0.41
4709 4039 3.23
4710 1018 1.66
4711 5185 2.5
4712 785 1.15
4713 1444 0.08
4714 4134 0.81
4715 4292 0.76
4716 566 1.17
4717 3254 1.01
4718 4399 0.76
4719 2998 0.87
4720 124 1.47
4721 742 6.15
4722 1348 5.96
4723 4139 0.63
4724 2993 2.42
4725 1391 0.38
4726 3663 1.11
4727 1912 1.16
4728 5180 0.23
4729 3564 0.19
4730 4879 1.08
4731 2601 0.3
4732 2589 0.47
4733 1096 1.45
4734 4974 0.65
4735 1770 1.42
4736 1377 1.89
4737 5411 1.31
4738 295 2.67
4739 5446 0.55
4740 1354 2.1
4741 4242 0.43
4742 3494 0.26
4743 2146 0.8
4744 2355 0.42
4745 4849 0.49
4746 4624 2.21
4747 4379 1.31
4748 3485 0.84
4749 3970 5.06
4750 3835 1.95
4751 2765 0.67
4752 2470 1.03
4753 3077 0.32
4754 767 2.06
4755 3136 0.69
4756 2217 0.03
4757 4476 2.82
4758 4588 1.49
4759 1012 0.46
4760 111 1.99
4761 3702 0.92
4762 1952 1.3
4763 3695 2.8
4764 5020 0.2
4765 5947 1.35
4766 4024 1.45
4767 4059 0.79
4768 3600 1.69
4769 5490 1.29
4770 2648 1.69
4771 1122 2.22
4772 3749 2.19
4773 456 0.86
4774 333 2.28
4775 2935 0.56
4776 346 1.98
4777 5148 2.15
4778 1503 1.46
4779 455 1.58
4780 5164 2.74
4781 2527 4.68
4782 1784 0.37
4783 3591 2.66
4784 3264 2.03
4785 24 0.2
4786 4242 1.13
4787 2091 0.27
4788 486 0.28
4789 3486 3.01
4790 984 2.16
4791 5545 0.72
4792 3726 0.38
4793 4697 0.27
4794 5890 0.62
4795 829 0.86
4796 564 1.36
4797 3452 0.71
4798 5082 3.8
4799 192 5.56
4800 3136 2.64
4801 275 0.63
4802 3429 2.24
4803 1352 3.09
4804 575 3.47
4805 1725 0.43
4806 5772 0.5
4807 4871 1.49
4808 1271 0.51
4809 3483 1.85
4810 4765 1.39
4811 1555 1.2
4812 427 0.6
4813 4118 1.28
4814 351 0.74
4815 5078 1.48
4816 1740 0.4
4817 752 1.03
4818 3188 1.85
4819 5998 1.24
4820 3990 1.22
4821 5224 1.87
4822 2232 0.39
4823 5151 1.79
4824 2480 1.19
4825 3258 0.87
4826 429 0.51
4827 1687 0.45
4828 1189 0.97
4829 1281 2.21
4830 3055 0.99
4831 2221 0.83
4832 2768 0.69
4833 2128 1.85
4834 3008 0.35
4835 1718 0.51
4836 5263 2.64
4837 5225 0.74
4838 2557 1.62
4839 4880 0.67
4840 2864 1.3
4841 35 1.08
4842 3427 0.77
4843 5927 0.84
4844 2279 1.2
4845 1790 0.83
4846 1050 1.18
4847 2320 1.55
4848 4377 0.34
4849 3709 0.45
4850 3900 1.09
4851 4964 0.27
4852 4491 4.76
4853 7 0.71
4854 2323 1.14
4855 565 1.35
4856 3036 1.26
4857 222 0.26
4858 365 2.52
4859 889 0.48
4860 4442 1.41
4861 5129 0.49
4862 2656 1.74
4863 2797 0.21
4864 272 1.49
4865 3571 2.65
4866 5868 0.86
4867 4854 1.67
4868 3488 1.23
4869 3791 0.68
4870 3353 0.56
4871 1000 1.09
4872 5160 1.17
4873 3281 1.74
4874 2808 0.38
4875 33 0.6
4876 4308 2.35
4877 3144 1.68
4878 1325 1.05
4879 5963 0.71
4880 4428 1.54
4881 2038 2.02
4882 709 2.26
4883 260 0.83
4884 1765 0.62
4885 5165 0.83
4886 3126 0.07
4887 5062 1.36
4888 4731 1.72
4889 2023 1.88
4890 5804 0.8
4891 369 2.28
4892 2636 1.26
4893 3633 0.91
4894 2757 4.06
4895 5458 1.65
4896 834 0.23
4897 5821 5.34
4898 3082 1.09
4899 2338 1.71
4900 4504 1.7
4901 1542 0.8
4902 3273 0.38
4903 4869 1.32
4904 3552 0.75
4905 2423 0.06
4906 1420 0.6
4907 4732 0.65
4908 4617 1.54
4909 130 2.21
4910 379 2.58
4911 233 0.66
4912 442 4.9
4913 5922 5.91
4914 4390 0.5
4915 4669 3.92
4916 1857 0.51
4917 5251 0.56
4918 4715 0.66
4919 5653 3.86
4920 4574 1.58
4921 2842 0.48
4922 3661 0.91
4923 470 0.81
4924 4156 1.83
4925 1810 0.85
4926 2587 1.77
4927 5327 0.39
4928 3039 2.07
4929 3606 3.82
4930 3702 3.93
4931 197 0.88
4932 5401 1.06
4933 118 1.24
4934 5773 1.56
4935 4905 1.12
4936 2672 3.14
4937 3533 1.23
4938 3360 0.02
4939 3846 0.07
4940 1664 0.62
4941 766 0.31
4942 2286 1.1
4943 2317 1.43
4944 5994 2.04
4945 5461 3.9
4946 1701 0.51
4947 5579 1.49
4948 29 1.44
4949 5986 5.92
4950 1828 2.98
4951 3984 4.48
4952 5033 2.46
4953 2700 1.46
4954 1658 0.62
4955 1544 0.32
4956 1138 2.52
4957 3179 0.45
4958 1221 2.05
4959 1556 2.97
4960 1813 1.29
4961 617 1.18
4962 4378 0.75
4963 3282 2.43
4964 3058 0.72
4965 4597 1.82
4966 4059 1.82
4967 2278 1.37
4968 4504 2.36
4969 2217 0.09
4970 5091 2.61
4971 1889 0.63
4972 5506 0.94
4973 2507 2.05
4974 68 1.19
4975 5294 0.39
4976 2011 0.1
4977 3942 0.91
4978 1713 0.19
4979 2675 2.66
4980 1705 0.78
4981 3509 1.07
4982 75 0.03
4983 4327 0.03
4984 2241 0.7
4985 932 1.47
4986 958 3.55
4987 3620 0.49
4988 2448 2.34
4989 553 4.57
4990 5893 0.51
4991 5560 1.73
4992 1711 0.07
4993 271 1.2
4994 4592 1.96
4995 5764 3.82
4996 2209 0.85
4997 3171 2.82
4998 921 0.36
4999 17 2.29
5000 2518 1.22
5001 446 3.26
5002 1766 2.4
5003 1548 1.19
5004 1651 1.4
5005 1690 1.86
5006 691 0.86
5007 4247 1.72
5008 1985 1
5009 954 2.15
5010 1596 0.53
5011 4065 2.17
5012 4673 3.54
5013 5010 1.04
5014 1668 0.57
5015 1493 0.26
5016 1139 1.42
5017 3635 0.27
5018 217 1.28
5019 4374 2.1
5020 4844 0.51
5021 5071 1.75
5022 4163 0.06
5023 2722 1.69
5024 513 1.46
5025 33 1.4
5026 5591 6.4
5027 155 0.17
5028 4698 0.55
5029 3367 2.96
5030 4996 2.04
5031 5628 0.22
5032 1651 0.09
5033 1652 0.17
5034 17 1.56
5035 1251 0.23
5036 5311 1.52
5037 146 2.88
5038 5344 1.88
5039 3818 1.96
5040 674 0.07
5041 3581 1
5042 2364 0.37
5043 1900 0.47
5044 1591 2.04
5045 2225 1.26
5046 164 3.11
5047 1474 0.09
5048 3508 1.98
5049 817 1.44
5050 2804 0.52
5051 5665 0.54
5052 3872 0.16
5053 880 1.34
5054 1300 0.2
5055 213 4.41
5056 1000 2.58
5057 2437 2.96
5058 1054 2.02
5059 5070 1.68
5060 5206 2.18
5061 4622 2.48
5062 407 1.32
5063 2476 2.2
5064 37 1.49
5065 4717 0.97
5066 2459 4.32
5067 422 1.36
5068 860 0.64
5069 3074 7.71
5070 5646 0.67
5071 5381 1.9
5072 1945 0.76
5073 389 0.05
5074 1786 0.97
5075 5853 2.4
5076 1320 1.9
5077 5119 0.78
5078 5335 0.09
5079 2573 0.22
5080 502 1.96
5081 1958 1.56
5082 2233 1.92
5083 1277 0.6
5084 826 0.46
5085 549 0.43
5086 2376 1.55
5087 669 0.6
5088 2430 0.99
5089 4795 2.68
5090 3495 3.31
5091 4782 2.46
5092 2065 1.31
5093 600 1.82
5094 1153 1.41
5095 1526 0.03
5096 562 4.11
5097 5660 2.44
5098 4868 2.3
5099 3329 0.03
5100 5363 1.32
5101 1727 5.67
5102 3198 0.46
5103 3033 0.04
5104 1921 0.33
5105 2820 1.81
5106 1898 1.04
5107 1612 0.25
5108 4507 0.93
5109 3393 0.94
5110 2293 3.67
5111 5880 2.13
5112 3590 0.45
5113 307 4.17
5114 1071 0.75
5115 752 0.39
5116 5858 0.3
5117 3947 1.49
5118 895 1.59
5119 2023 0.9
5120 1952 0.5
5121 3419 1.98
5122 1605 1.4
5123 2808 0.35
5124 1994 0.7
5125 2236 1.1
5126 2907 0.25
5127 1341 2.31
5128 4126 1.58
5129 5067 0.7
5130 274 4.59
5131 4805 3.31
5132 1657 0.28
5133 400 0.08
5134 752 1.13
5135 4009 0.05
5136 5226 0.08
5137 3073 2.13
5138 5281 1.08
5139 746 0.28
5140 5583 1.26
5141 680 0.66
5142 5836 1.11
5143 3000 1.92
5144 4130 1.19
5145 445 4.16
5146 3431 4.49
5147 5261 0.57
5148 1376 0.1
5149 1949 0.86
5150 1220 1.01
5151 4615 1.02
5152 555 2.38
5153 5772 1.85
5154 5541 0.95
5155 56 2.35
5156 1995 0.05
5157 1883 1.48
5158 1778 0.86
5159 1342 1.77
5160 5535 1.12
5161 1815 2.58
5162 5605 0.06
5163 3093 0.62
5164 3083 1.39
5165 665 0.44
5166 5788 1.48
5167 2286 2.15
5168 4832 1.57
5169 4712 0.53
5170 5372 3.5
5171 4942 0.63
5172 3887 0.38
5173 1114 1.75
5174 4199 2.02
5175 1344 1.17
5176 3429 4.86
5177 3088 1.98
5178 2292 0.24
5179 5191 0.84
5180 506 1.43
5181 1971 1.22
5182 4099 1.77
5183 4681 2.19
5184 3112 1.13
5185 3058 1.71
5186 1154 0.75
5187 5592 1
5188 3740 0.86
5189 301 0.18
5190 639 0.65
5191 3660 2.38
5192 2764 7.74
5193 5791 0.69
5194 3184 0.37
5195 1745 1.46
5196 575 1.45
5197 2962 1.33
5198 156 3.39
5199 4538 3.25
5200 1049 1.3
5201 3109 1.12
5202 1775 0.85
5203 4208 1.08
5204 3620 0.49
5205 5345 6.83
5206 3911 0.81
5207 5924 1.27
5208 3920 1.09
5209 1846 0.38
5210 3681 1.14
5211 5171 4.05
5212 345 1.91
5213 2092 1.24
5214 5605 1.37
5215 3348 1.09
5216 5293 0.12
5217 1569 0.63
5218 494 1.78
5219 4411 4.46
5220 4615 1.52
5221 4613 0.76
5222 4043 0.44
5223 2042 1.73
5224 1340 0.28
5225 1350 0.55
5226 4574 2
5227 5369 3.17
5228 5928 0.71
5229 5093 3.47
5230 55 1.32
5231 5839 0.67
5232 5947 0.96
5233 174 0.91
5234 3927 0.57
5235 5435 2.81
5236 3162 0.94
5237 1725 3.78
5238 5651 1.95
5239 330 0.6
5240 4724 0.48
5241 2605 1.17
5242 4275 0.7
5243 4221 0.09
5244 4647 0.37
5245 4774 0.42
5246 3189 1.79
5247 3725 2.48
5248 1755 0.15
5249 3266 1.7
5250 5719 1.62
5251 1528 0.43
5252 4250 1.37
5253 2642 0.4
5254 1435 1.5
5255 1202 0.28
5256 638 2
5257 945 0.22
5258 2686 0.7
5259 3536 0.49
5260 4398 2.43
5261 65 1.4
5262 735 1.9
5263 893 1.73
5264 2427 0.67
5265 2658 0.16
5266 4773 0.37
5267 5876 3.11
5268 763 1.51
5269 2274 1.25
5270 33 0.14
5271 3095 2.48
5272 1441 0.65
5273 1031 3.68
5274 856 0.31
5275 2703 0.47
5276 1759 0.55
5277 3314 0.21
5278 1434 0.2
5279 3594 1.98
5280 868 2.39
5281 2977 0.82
5282 5710 0.14
5283 4026 0.94
5284 3295 1.57
5285 1812 2.64
5286 1086 0.6
5287 5326 1.54
5288 422 1.02
5289 3527 1.87
5290 3861 1.37
5291 5410 0.36
5292 3442 3.33
5293 1015 2.05
5294 1405 1.05
5295 3573 0.97
5296 2663 2.36
5297 3653 1.56
5298 5969 5.69
5299 4371 0.74
5300 1605 5.91
5301 1961 1.04
5302 1974 0.55
5303 4817 0.01
5304 3785 0.99
5305 2388 1.63
5306 3857 1.37
5307 2825 0.39
5308 4529 1.65
5309 5936 0.62
5310 1207 0.48
5311 4853 0.12
5312 585 0.7
5313 9 3.17
5314 3390 2.68
5315 3191 2.22
5316 5077 1.57
5317 4612 3.78
5318 4614 3.71
5319 3852 1.79
5320 360 1.9
5321 5912 2.15
5322 457 1.66
5323 3336 1.32
5324 51 1.5
5325 3361 0.41
5326 5602 0.57
5327 3647 0.46
5328 5433 4.31
5329 240 1.69
5330 2627 1.94
5331 5782 0.12
5332 1421 2.69
5333 3671 1.04
5334 3139 1.57
5335 5872 0.38
5336 58 0.47
5337 4077 1.42
5338 2345 1.71
5339 2497 0.54
5340 1447 1.12
5341 4953 2.42
5342 3463 2.78
5343 977 0.53
5344 5875 1.52
5345 4500 0.45
5346 2840 0.97
5347 1670 1.46
5348 5044 1.02
5349 800 0.93
5350 2600 0.83
5351 2754 0.19
5352 1258 0.75
5353 3691 0.72
5354 3753 0.19
5355 2372 3.17
5356 2619 0.93
5357 2920 0.97
5358 2362 3.15
5359 4814 0.68
5360 3528 5.48
5361 1855 3.33
5362 88 0.37
5363 1120 0.61
5364 1075 3.25
5365 4388 1.52
5366 1935 0.47
5367 2698 0.83
5368 3435 3.65
5369 77 2.72
5370 5739 3.21
5371 3696 0.84
5372 2200 0.4
5373 536 1.32
5374 3598 0.87
5375 5903 2.1
5376 2858 1.12
5377 5140 1.25
5378 4528 0.76
5379 1 0.29
5380 5829 0.13
5381 2216 1.5
5382 670 0.5
5383 3622 0.69
5384 2977 0.2
5385 4988 0.85
5386 1521 3.1
5387 2313 1.01
5388 141 1.01
5389 4991 0.48
5390 4701 2.17
5391 3828 0.77
5392 5746 1.3
5393 4376 0.76
5394 5655 0.31
5395 3706 2.07
5396 5806 0.19
5397 3310 1.05
5398 4127 1.88
5399 4248 1.31
5400 3402 1.15
5401 3936 0.39
5402 3576 2.22
5403 1728 0.76
5404 1862 0.24
5405 222 1.54
5406 2065 1.56
5407 1513 0.72
5408 3571 0.66
5409 5830 2.94
5410 5983 1.88
5411 410 1.79
5412 5656 1.44
5413 2985 1.57
5414 4957 0.3
5415 4612 1.35
5416 4682 4.34
5417 2467 1.3
5418 5341 1.9
5419 3228 1.11
5420 5377 1.09
5421 5081 1.32
5422 101 0.79
5423 2621 0.03
5424 3567 1.2
5425 1111 0.17
5426 3923 0.24
5427 160 0.74
5428 3039 0.25
5429 1203 0.29
5430 5495 4.18
5431 264 2.9
5432 1111 0.41
5433 1564 0.69
5434 2479 1.33
5435 5204 0.65
5436 5603 0.89
5437 47 1.73
5438 3278 1.23
5439 4321 0.24
5440 1902 1.89
5441 4973 5.26
5442 4390 2.71
5443 670 2.31
5444 5244 0.24
5445 2690 1.41
5446 3833 0.89
5447 1751 4.62
5448 3581 0.7
5449 3518 0.45
5450 314 1.23
5451 2730 0.9
5452 4102 0.22
5453 1205 1.9
5454 3040 2.06
5455 4523 0.16
5456 2605 0.75
5457 1591 1.69
5458 1491 1.33
5459 2589 0.32
5460 1079 2.47
5461 5325 0.49
5462 3131 0.42
5463 3270 1.09
5464 2248 2.67
5465 3359 0.25
5466 1672 0.71
5467 2968 0.38
5468 4549 2.12
5469 3316 0.58
5470 1350 1.69
5471 2907 1.84
5472 5244 0.5
5473 1367 0.23
5474 2091 4.16
5475 415 1.77
5476 3531 1.47
5477 4230 1.19
5478 5707 2.09
5479 2613 1.11
5480 1152 0.57
5481 2966 0.6
5482 5177 1.37
5483 78 0.01
5484 836 0.59
5485 1525 1.62
5486 60 2.56
5487 1599 1.53
5488 1416 2.97
5489 1415 1.07
5490 2010 2.37
5491 5372 0.32
5492 438 1.53
5493 5423 0.07
5494 5342 1.35
5495 2225 1.68
5496 895 1.21
5497 2729 0.49
5498 3404 3.3
5499 5570 0.48
5500 1912 1.28
5501 1236 0.31
5502 5601 0.24
5503 3397 2.68
5504 4513 0.75
5505 3491 4.93
5506 1691 0.64
5507 208 4.9
5508 157 1.36
5509 1080 1.45
5510 1077 2.16
5511 267 0.75
5512 3890 0.67
5513 5585 1.18
5514 3117 0.85
5515 4056 2.18
5516 4139 1.54
5517 5529 1.59
5518 3543 1.25
5519 2284 0.81
5520 1800 0.2
5521 2853 1.23
5522 4594 4.93
5523 3338 0.09
5524 2797 0.85
5525 2263 2.98
5526 5491 1.37
5527 1207 0.66
5528 4788 1.22
5529 1396 4.13
5530 5336 0.9
5531 2486 0.11
5532 4467 2.17
5533 3381 1.79
5534 4727 4.15
5535 1118 0.79
5536 302 3.18
5537 52 3.59
5538 2306 3.26
5539 2567 6.57
5540 1121 4.02
5541 4701 0.03
5542 1373 0.24
5543 204 1.06
5544 1456 2.16
5545 4079 0.49
5546 2221 0.38
5547 819 0.89
5548 4629 1.99
5549 3926 0.1
5550 773 0.97
5551 708 1.65
5552 637 0.99
5553 4173 0.95
5554 5190 0.19
5555 3451 1.67
5556 5030 0.21
5557 4213 2.58
5558 3268 2.51
5559 2845 1.53
5560 1419 1.34
5561 2587 1.55
5562 211 1.96
5563 2232 1.57
5564 3898 1.02
5565 436 1.48
5566 4085 3.4
5567 1178 0.84
5568 5972 0.66
5569 5766 4.95
5570 3065 1.24
5571 2824 0.12
5572 4969 0.17
5573 2218 4.04
5574 3139 3.86
5575 4334 0.48
5576 5241 5.06
5577 3865 4.44
5578 4526 0.34
5579 3159 0.71
5580 1448 2.29
5581 2109 0.77
5582 896 0.64
5583 45 0.28
5584 4395 1.32
5585 1616 0.5
5586 5870 2.39
5587 499 0.97
5588 2353 1.43
5589 4820 1.64
5590 2348 1.35
5591 2952 2.1
5592 3945 0.7
5593 380 0.35
5594 2289 0.01
5595 109 0.04
5596 1895 2.16
5597 3409 2.91
5598 3116 5.88
5599 5412 0.36
5600 2378 1.04
5601 5331 1.08
5602 3493 0.74
5603 5742 1.76
5604 1121 1.04
5605 1699 1.1
5606 5876 0.27
5607 3527 0.03
5608 1087 1.56
5609 3095 1.78
5610 4093 0.73
5611 5533 1.62
5612 3786 0.56
5613 2236 1.22
5614 808 2.31
5615 5556 1.77
5616 3553 0.8
5617 2358 0.55
5618 4520 1.93
5619 36 2.11
5620 1171 0.9
5621 1354 4.32
5622 2408 1.47
5623 1950 0.12
5624 2965 1.08
5625 2714 0.88
5626 2408 1.91
5627 5334 1.91
5628 5095 1.68
5629 2326 2.25
5630 5270 0.77
5631 602 1.8
5632 926 0.75
5633 2916 4.49
5634 3157 0.9
5635 825 0.74
5636 4982 1.94
5637 3244 0.69
5638 237 1.91
5639 5438 1.05
5640 1753 1.25
5641 3264 2.19
5642 5163 1.97
5643 1748 1.43
5644 4201 0.72
5645 3128 0.89
5646 5640 1.56
5647 4493 6.93
5648 2680 1.83
5649 611 0.09
5650 5018 1.85
5651 240 2.86
5652 173 2.12
5653 4240 1.33
5654 361 0.83
5655 2375 1.59
5656 4019 0.19
5657 513 1.42
5658 3229 1.43
5659 1981 1.64
5660 5070 2.16
5661 2114 0.38
5662 3756 0.91
5663 964 1.64
5664 3143 1.78
5665 5511 1.39
5666 3731 1.01
5667 3578 0.79
5668 1412 1.71
5669 5077 0.25
5670 652 1.23
5671 5520 0.35
5672 4984 0.21
5673 4501 0.54
5674 5746 1.55
5675 2794 0.22
5676 778 0.25
5677 265 2.25
5678 885 0.8
5679 1372 4.12
5680 4358 0.74
5681 4293 0.77
5682 3614 0.98
5683 4568 0.86
5684 561 2.22
5685 3550 0.91
5686 1656 1.08
5687 1585 2.92
5688 2817 1.72
5689 4083 0.6
5690 186 3.62
5691 1907 1.26
5692 3351 0.21
5693 2340 0.81
5694 1430 6.32
5695 2897 0.24
5696 1653 0.45
5697 3065 4.89
5698 4338 1.1
5699 3461 0.9
5700 3321 1.56
5701 655 0.32
5702 4273 0.83
5703 5105 1.53
5704 1560 1.87
5705 847 1.55
5706 1668 2.29
5707 1749 0.7
5708 1173 0.87
5709 4710 0.89
5710 3859 2.63
5711 4374 0.31
5712 4474 4.14
5713 827 2.37
5714 4983 1.1
5715 1474 3.97
5716 5271 0.74
5717 4945 4.28
5718 5366 0.85
5719 5909 2
5720 1075 1.18
5721 3838 2.92
5722 4521 0.03
5723 335 1.79
5724 1287 0.46
5725 811 0.79
5726 1701 1.76
5727 2657 2.29
5728 5420 1.21
5729 4972 1.65
5730 3712 4.12
5731 2828 2.74
5732 3128 3.06
5733 1207 0.64
5734 2034 1.43
5735 5087 0.96
5736 5340 1.78
5737 4416 0.58
5738 1804 2.1
5739 2149 0.25
5740 5102 1.57
5741 853 4.57
5742 5201 0.28
5743 5716 1.48
5744 3047 3.34
5745 2991 4
5746 3567 1.54
5747 900 2.93
5748 3302 2.11
5749 1283 0.29
5750 5666 0.95
5751 2044 0.88
5752 5711 1.09
5753 4568 0.28
5754 3844 1.17
5755 4343 3.27
5756 3036 0.65
5757 4076 0.56
5758 532 1.29
5759 66 2.47
5760 1230 0.28
5761 5114 1.9
5762 4404 1.81
5763 5847 1.52
5764 337 1.19
5765 1035 1.25
5766 4588 3.04
5767 2780 0.51
5768 5543 0.15
5769 4443 1.81
5770 4121 0.13
5771 2975 0.43
5772 1950 0.01
5773 1917 0.3
5774 5559 1.29
5775 375 1.29
5776 3093 1.38
5777 3149 1.21
5778 2136 1.5
5779 3453 1.88
5780 2446 2.12
5781 5862 0.37
5782 5752 0.47
5783 5230 1.37
5784 4940 1.41
5785 5700 4.22
5786 5820 0.04
5787 757 0.35
5788 3803 0.23
5789 5799 2.37
5790 5894 6.68
5791 3659 2.26
5792 5058 1.16
5793 1262 1.75
5794 4782 2.32
5795 1492 0.07
5796 744 1.45
5797 5284 1.49
5798 5589 0.42
5799 1465 2.91
5800 4189 4.13
5801 4439 0.57
5802 1096 1.13
5803 1850 0.63
5804 5774 0.48
5805 612 2.8
5806 819 1.59
5807 3090 0.31
5808 1602 3.16
5809 978 2.01
5810 3384 4.34
5811 476 1.35
5812 4222 1.33
5813 1980 1.68
5814 462 3.17
5815 94 1.61
5816 3673 4.16
5817 206 1.47
5818 1855 0.88
5819 5450 2.31
5820 5457 2
5821 894 0.19
5822 4386 0.63
5823 4805 1.51
5824 1717 0.24
5825 4356 1.07
5826 3543 2.17
5827 5580 1.07
5828 4308 1.3
5829 729 1.21
5830 2389 1.14
5831 5869 1.95
5832 3299 1.24
5833 2044 0.16
5834 2438 1.04
5835 2815 3.44
5836 80 1.5
5837 5632 1.5
5838 4591 1.67
5839 1344 1.29
5840 2540 2.28
5841 4526 1.93
5842 4980 4.23
5843 4392 5.09
5844 1965 1.76
5845 4097 1.45
5846 1369 0.71
5847 4324 1.34
5848 3774 1.07
5849 4036 3.41
5850 4587 1.64
5851 3801 2.95
5852 1239 0.92
5853 170 0.57
5854 4327 0.98
5855 5296 1.55
5856 4043 4.5
5857 1232 3.55
5858 1377 0.23
5859 1782 3
5860 2802 1.02
5861 687 2.82
5862 1256 0.56
5863 619 0.59
5864 5306 2.33
5865 2406 0.02
5866 1194 4.67
5867 4300 3.13
5868 2101 1.47
5869 4248 2.12
5870 1155 0.06
5871 1811 0.57
5872 2314 0.77
5873 5897 2.07
5874 2607 1.65
5875 2460 0.07
5876 3746 2.26
5877 829 1.76
5878 2669 2.43
5879 3583 1.68
5880 2936 0.37
5881 5788 0.03
5882 2529 3.1
5883 871 0.83
5884 4582 0.89
5885 1994 2.06
5886 2115 3.12
5887 3621 1.21
5888 2314 1.64
5889 793 1.6
5890 2304 1.37
5891 2717 2.67
5892 4173 0.09
5893 3520 0.26
5894 1377 0.18
5895 2200 0.34
5896 2515 0.54
5897 423 5.05
5898 5804 0.25
5899 1660 0.1
5900 1096 0.25
5901 52 0.01
5902 1932 1.1
5903 4960 1.84
5904 2310 1.48
5905 71 9.48
5906 744 0.44
5907 4624 1.89
5908 1823 3.04
5909 4221 0.74
5910 585 0.73
5911 5316 0.6
5912 551 1.99
5913 2884 0.71
5914 545 1.2
5915 96 0.56
5916 250 2.21
5917 784 4.15
5918 195 0.79
5919 5554 0.9
5920 914 3.82
5921 1699 3.71
5922 4533 0.72
5923 4500 1.19
5924 3403 0.09
5925 149 0.92
5926 4985 3.81
5927 1225 0.85
5928 2030 0.48
5929 5614 1.48
5930 3343 0.74
5931 5888 3.31
5932 4538 4.87
5933 4810 1.11
5934 4137 1.3
5935 2963 0.13
5936 4511 2.26
5937 5287 0.93
5938 724 0.18
5939 1860 2.53
5940 1860 1
5941 2584 0.29
5942 2350 4.28
5943 4411 3.41
5944 985 0.64
5945 3303 1.88
5946 5351 0.27
5947 1356 0.19
5948 4923 1.21
5949 5065 0.09
5950 1251 0.2
5951 3646 1.77
5952 2036 1.08
5953 2840 0.08
5954 276 0.02
5955 1335 3.27
5956 1895 0.79
5957 1866 0.65
5958 1198 0.26
5959 1625 1.9
5960 4697 0.29
5961 1 2.75
5962 3456 4.27
5963 2684 0.41
5964 83 0.39
5965 1978 1.8
5966 3873 3.33
5967 976 4.03
5968 5964 0.65
5969 4202 1.57
5970 845 4.82
5971 1844 0.64
5972 4145 0.98
5973 3830 0.3
5974 3677 2.22
5975 1699 0.62
5976 5329 1.06
5977 2841 0.07
5978 2035 1.19
5979 2554 1.03
5980 5517 2.61
5981 407 1.3
5982 2476 1.02
5983 5559 0.29
5984 749 2.94
5985 2490 1.06
5986 1110 1.94
5987 4148 0.23
5988 3837 1.27
5989 156 1.37
5990 826 0.33
5991 2696 0.58
5992 2605 6.01
5993 5534 3.22
5994 1688 1.36
5995 3257 0.54
5996 387 4.76
5997 3090 2.14
5998 203 1.26
5999 4630 0.07
6000 4517 2.62
