500
501
1 33
1 140
1 177
1 451
2 272
2 306
3 18
3 52
3 61
3 352
3 443
4 340
5 32
5 76
5 87
5 112
5 174
5 252
5 465
6 21
6 292
6 480
7 63
7 229
7 329
7 430
8 89
8 167
8 235
8 249
8 318
8 394
8 498
9 255
9 307
9 492
10 51
10 437
10 456
10 461
10 472
10 474
11 141
11 317
11 449
12 121
12 147
12 157
12 245
12 336
12 436
13 102
13 184
13 264
13 269
13 331
13 472
13 485
14 16
14 411
15 50
15 56
16 6
16 124
16 128
16 363
17 7
17 78
17 111
17 120
17 206
17 411
18 37
18 137
18 453
19 74
19 92
19 124
19 240
19 398
19 412
19 452
20 80
20 230
20 276
20 290
20 486
20 491
21 14
21 22
21 352
21 406
21 424
22 392
22 490
23 82
23 184
23 311
23 381
23 407
23 493
24 47
24 127
24 314
24 338
24 404
24 424
25 110
25 293
25 410
26 372
26 374
26 416
26 475
27 101
27 431
27 486
28 31
28 176
28 372
29 216
29 464
29 484
30 12
30 126
30 290
30 297
30 386
31 31
31 277
31 305
32 46
32 84
32 136
32 151
32 320
32 348
33 117
33 201
33 266
33 347
34 185
34 389
35 64
35 230
35 302
35 303
35 338
35 355
35 427
35 488
35 492
36 101
36 125
36 245
36 403
36 472
37 92
37 125
37 285
37 322
37 391
37 401
38 50
38 305
38 308
38 385
38 429
39 87
39 137
39 171
39 222
40 175
40 206
40 265
40 301
40 420
41 52
41 314
41 360
42 68
42 139
42 227
42 342
42 344
43 118
43 195
43 337
43 345
43 349
43 477
44 4
44 98
44 162
44 426
44 492
44 495
45 47
45 276
45 314
46 252
47 114
47 135
47 190
47 266
47 332
47 383
47 467
48 52
48 243
48 381
48 445
49 226
50 20
50 196
51 242
51 249
51 337
51 381
51 392
52 31
52 332
53 60
53 288
53 296
53 359
53 363
53 477
54 109
54 347
54 424
55 412
56 261
56 307
57 76
57 108
57 142
57 150
57 327
57 445
58 133
58 323
58 347
58 472
59 153
59 295
59 297
59 375
59 480
60 123
60 146
60 157
60 174
60 275
61 56
61 62
61 267
62 295
62 309
63 5
63 13
63 22
63 174
64 69
64 169
64 173
64 285
64 300
64 424
65 26
65 111
65 175
65 224
65 247
65 293
65 398
66 2
66 75
66 357
66 387
67 69
68 270
68 386
68 415
69 33
69 262
69 438
69 475
70 57
70 62
70 104
71 30
71 180
71 221
71 357
72 55
72 136
72 200
72 367
72 489
74 451
75 135
75 298
75 360
75 369
76 97
76 454
77 7
77 38
77 72
77 186
77 230
77 308
77 375
77 468
78 141
78 386
79 276
79 333
79 422
79 448
80 185
80 245
81 22
81 112
81 488
82 217
82 469
82 482
83 314
84 42
84 71
84 253
84 281
84 343
84 405
85 353
85 393
85 395
86 56
86 121
86 141
86 499
87 326
88 417
89 183
89 195
89 289
89 440
90 55
90 204
90 444
90 459
91 24
92 7
92 138
92 166
92 170
93 159
93 268
93 333
93 365
93 461
94 212
94 342
94 448
96 88
96 209
96 267
96 279
96 473
97 43
97 104
97 312
97 337
97 351
97 462
97 490
98 31
98 87
98 155
98 187
98 270
98 374
98 473
99 30
99 62
99 120
99 170
99 246
99 333
99 361
100 101
100 280
100 302
102 344
102 351
102 496
103 320
104 436
105 247
106 282
106 311
106 351
106 425
106 426
107 1
107 192
107 482
108 76
108 187
108 194
108 243
108 318
108 386
108 465
109 261
109 445
110 240
110 405
110 413
110 489
111 81
111 143
111 316
111 458
111 461
112 307
113 166
113 247
113 249
113 275
113 361
113 446
114 141
114 151
114 230
114 310
114 411
114 439
115 257
115 275
115 289
116 38
116 214
116 304
116 381
116 396
116 415
117 52
117 108
117 283
118 94
118 310
118 335
119 181
120 79
120 269
120 424
121 36
122 21
122 413
122 459
122 489
122 490
123 100
123 121
123 228
124 253
124 291
124 317
125 106
125 157
125 217
125 256
125 281
126 216
126 244
126 334
126 381
126 405
127 61
127 204
127 229
127 240
127 361
128 57
128 64
128 113
128 231
128 382
129 181
130 58
130 202
130 232
130 270
130 290
130 422
130 482
131 135
131 170
131 250
131 259
131 300
131 418
131 419
132 90
132 132
132 225
132 278
133 30
133 132
133 399
134 9
134 78
134 158
134 178
134 285
134 289
134 299
134 335
134 488
135 441
135 467
136 89
136 178
136 217
136 366
136 453
136 486
137 18
137 330
137 337
137 446
138 229
138 295
139 145
139 219
139 357
139 422
140 307
140 390
141 4
141 330
141 379
141 465
142 18
142 296
142 396
142 458
143 46
143 345
143 397
143 405
143 446
144 49
144 418
145 30
145 122
145 136
145 347
145 363
145 446
146 74
146 137
146 151
146 478
147 81
147 201
147 256
147 346
148 11
148 283
148 291
148 308
148 311
148 340
148 479
149 60
149 274
149 305
149 402
150 6
150 17
150 205
150 216
150 474
151 134
151 298
151 339
151 342
152 367
152 373
152 499
153 205
153 288
153 339
154 74
154 91
154 148
154 404
154 442
155 220
155 376
155 416
155 452
156 18
156 473
157 5
157 88
157 91
157 279
157 448
158 107
158 158
158 369
158 478
159 56
159 94
159 225
159 352
160 123
160 191
160 225
160 306
161 6
161 110
161 175
161 184
161 194
161 263
161 355
161 360
162 72
162 285
162 303
162 370
162 381
162 403
163 91
163 140
163 181
164 325
164 428
165 206
165 295
165 340
165 342
165 491
166 159
166 273
167 127
167 155
167 160
167 236
168 85
168 246
168 334
168 344
169 21
169 87
169 364
169 384
170 69
170 124
170 199
170 380
170 421
170 445
170 456
171 132
171 193
171 264
171 275
171 311
172 158
172 228
172 247
172 289
172 347
172 418
173 106
173 465
174 211
174 254
174 261
174 349
174 442
175 304
175 416
175 451
175 466
176 84
176 85
177 139
177 267
177 343
177 359
178 40
178 94
178 125
179 59
179 71
179 125
179 475
180 47
180 188
180 312
180 439
180 464
180 466
181 36
181 114
181 264
181 321
182 119
182 120
182 360
182 422
183 15
183 24
183 99
183 158
183 218
183 257
183 321
184 87
184 224
185 42
185 260
185 346
186 244
186 269
186 355
186 387
187 84
187 105
187 109
187 295
187 300
188 135
189 138
189 159
189 270
190 141
190 193
191 40
191 143
191 181
191 326
191 373
191 385
191 404
192 150
192 203
192 444
193 14
193 93
193 312
193 339
193 345
193 356
194 70
194 112
194 296
194 402
195 27
195 103
195 127
195 137
195 143
195 294
195 309
195 380
196 98
196 162
196 230
196 289
196 445
196 492
197 138
197 199
197 422
197 444
198 16
198 260
198 475
198 481
199 172
199 260
199 387
199 391
199 393
199 419
200 44
200 71
200 83
200 395
201 161
201 249
201 358
201 372
201 444
201 470
201 494
202 202
202 306
202 343
202 477
203 10
203 217
203 227
203 337
203 354
203 385
203 387
204 43
204 145
204 166
204 275
204 277
204 458
205 238
205 405
206 425
207 174
207 484
208 30
208 42
208 182
208 313
208 351
209 29
209 483
210 246
210 318
211 362
211 496
212 49
213 53
213 55
213 84
213 111
213 334
214 74
214 285
214 325
214 375
215 4
215 131
215 139
215 225
215 475
216 97
216 458
217 329
218 109
218 271
218 272
218 280
218 402
219 322
219 325
219 385
219 468
220 32
220 79
220 149
220 366
220 368
220 396
220 451
221 1
221 155
221 163
222 229
222 234
222 302
222 308
222 331
223 469
224 44
224 92
224 196
225 209
225 393
225 485
226 278
226 410
226 474
227 4
227 47
227 60
227 287
227 293
228 286
229 78
229 87
229 233
229 340
229 446
230 175
230 285
230 351
231 51
231 65
231 496
232 179
232 187
232 190
232 262
232 491
233 65
233 209
233 220
234 114
234 310
234 394
234 408
235 122
235 299
235 414
236 375
236 439
237 138
238 132
238 191
238 203
238 253
238 490
239 24
239 161
239 162
239 414
240 200
240 246
240 258
240 409
240 411
241 282
241 392
241 493
242 36
242 176
242 196
242 202
242 249
242 295
242 341
242 347
242 387
243 359
243 397
244 12
244 133
244 320
244 327
244 426
245 225
245 230
245 240
245 455
245 480
246 305
246 483
247 60
247 216
247 344
247 375
248 30
248 54
248 141
248 380
248 404
249 111
249 186
249 237
250 359
250 420
251 45
251 127
251 212
251 244
251 320
251 472
252 41
252 100
252 189
252 199
252 305
253 31
253 223
253 227
253 396
254 314
254 409
255 86
256 59
256 108
256 441
256 481
257 38
257 89
257 157
257 214
258 116
258 148
258 295
258 349
259 83
259 133
259 288
259 306
260 351
260 356
260 416
260 426
261 180
261 216
261 235
261 375
261 414
262 16
262 50
262 96
262 419
262 438
262 462
263 155
263 289
263 329
263 436
263 455
263 494
264 62
264 364
265 296
265 367
265 408
266 38
267 37
267 83
267 307
267 412
267 473
268 33
268 150
268 171
268 193
268 315
269 57
269 83
269 137
269 208
269 398
269 431
269 455
270 236
270 319
270 390
271 124
271 267
272 45
272 56
272 281
272 290
272 500
273 97
273 205
273 244
273 409
274 348
274 386
274 399
275 62
275 88
275 284
275 355
276 13
276 154
276 220
276 249
276 263
277 66
277 488
278 75
278 189
278 200
278 248
280 29
280 361
281 33
281 106
281 143
281 316
281 392
282 110
282 205
282 247
282 429
282 474
283 13
283 77
283 205
284 6
284 53
284 100
284 362
285 284
285 419
286 62
286 93
286 255
286 327
286 363
286 501
287 82
287 152
287 232
287 349
287 409
287 461
287 491
288 44
288 145
288 178
288 250
288 416
289 195
289 243
289 394
289 402
289 456
289 477
290 96
290 126
290 402
291 50
291 419
292 333
292 393
292 463
293 108
293 113
293 130
293 131
293 194
293 368
293 500
294 45
294 69
294 117
294 205
294 404
294 417
295 62
295 182
295 257
295 280
295 361
295 438
296 86
296 110
296 188
296 296
296 389
296 477
297 43
297 97
297 153
297 201
297 203
297 216
297 264
297 272
297 326
297 334
297 386
298 198
298 345
298 368
298 477
299 97
299 175
299 193
299 197
299 255
299 303
299 342
299 440
299 441
300 81
300 149
300 259
300 265
300 275
300 364
300 430
301 133
301 270
302 124
302 163
302 181
302 367
303 6
303 269
303 326
303 364
304 298
304 305
304 420
305 190
305 315
306 5
306 50
306 482
307 107
307 191
307 239
307 334
308 194
308 318
308 486
308 499
309 106
309 183
309 196
310 19
310 163
310 222
310 251
310 416
311 15
311 186
311 273
311 438
312 39
312 83
312 134
313 51
313 151
313 214
313 340
313 400
314 80
314 325
314 326
314 397
315 294
315 327
315 373
315 407
316 7
316 236
316 350
316 378
316 428
316 473
317 8
317 80
317 113
318 154
318 299
318 325
318 351
318 377
318 419
318 489
318 498
319 115
319 165
319 181
319 290
319 415
320 30
320 181
320 263
320 402
320 476
320 477
321 20
321 31
321 76
321 136
321 199
321 224
321 409
322 285
323 285
323 348
323 361
324 135
324 194
324 412
324 494
325 14
325 126
325 150
325 453
325 496
326 125
326 166
326 265
326 294
326 446
327 67
327 345
327 479
328 180
328 185
328 492
329 95
329 210
329 490
330 30
330 187
330 262
330 306
330 425
330 479
331 92
331 265
331 409
332 30
332 233
332 274
332 276
332 474
333 185
334 6
334 18
334 30
334 164
334 168
334 313
334 360
334 413
334 460
335 1
335 144
335 189
335 436
335 473
335 484
335 495
336 289
336 361
336 399
336 463
337 95
337 169
337 200
337 350
337 394
338 160
338 290
338 421
338 427
339 62
339 150
339 162
340 92
340 134
340 279
340 371
340 402
341 135
341 214
341 377
341 390
341 447
342 60
342 252
342 328
343 170
343 314
343 330
344 22
344 23
344 55
344 200
344 362
345 15
345 187
345 446
345 478
345 490
346 47
346 388
346 420
346 439
347 306
347 363
348 87
348 138
348 285
348 290
348 311
348 408
349 150
349 156
349 195
349 282
349 300
349 442
350 109
350 272
350 280
350 330
350 436
351 45
351 483
352 3
352 157
352 272
352 361
352 424
353 35
353 129
354 26
354 236
354 258
354 333
354 430
354 453
355 49
355 155
355 219
355 348
356 101
356 372
356 479
356 500
357 163
357 267
357 304
357 371
357 463
358 8
358 19
358 52
358 301
358 477
358 490
359 99
359 157
359 246
359 333
359 356
359 376
360 428
360 430
360 451
361 4
361 349
362 155
362 445
363 303
363 408
363 441
363 479
363 481
364 149
364 200
365 118
365 148
365 253
365 367
365 418
366 279
366 285
366 404
366 469
367 139
367 240
367 476
368 119
368 347
369 11
369 229
369 467
370 13
370 158
370 171
370 201
370 293
370 412
371 14
371 256
371 275
371 336
371 342
371 480
371 482
372 25
372 94
372 272
372 326
372 337
372 480
373 266
373 493
374 94
374 170
374 171
374 262
374 326
374 388
374 408
374 495
375 143
376 81
376 287
376 484
377 8
377 206
377 248
377 446
377 490
378 40
378 74
378 82
378 106
378 141
378 144
378 190
378 314
378 329
378 451
378 464
379 51
379 112
379 120
379 135
379 461
380 12
380 490
381 214
381 273
381 290
381 480
382 71
382 381
383 26
383 387
383 432
384 33
384 37
384 88
384 102
384 189
384 297
384 426
385 158
386 20
386 178
386 370
386 372
386 441
387 346
388 84
388 86
388 107
388 157
388 181
388 196
389 69
389 198
389 387
390 31
390 80
390 388
390 489
391 107
391 195
391 333
391 358
392 22
392 96
392 120
392 197
392 355
393 139
393 163
393 345
394 18
394 401
396 242
396 425
397 299
397 491
398 64
398 227
398 239
398 288
399 84
399 174
399 181
399 387
399 478
400 102
400 125
400 136
400 171
400 315
400 499
401 229
401 477
402 12
402 117
402 368
403 115
403 121
403 383
403 449
404 55
404 64
404 411
404 471
405 30
405 166
405 188
405 450
406 150
406 227
406 315
406 331
406 339
407 30
407 73
407 267
407 321
407 434
407 446
407 495
408 169
408 264
408 317
408 387
409 93
409 138
409 151
409 322
409 408
410 23
410 285
410 311
410 391
410 411
410 447
411 383
411 445
411 490
412 130
412 308
413 73
413 175
413 218
413 258
413 261
413 270
413 378
414 240
414 363
415 253
415 290
415 301
415 347
415 370
416 58
416 115
416 152
416 156
416 210
416 275
417 333
417 464
418 65
418 269
418 423
418 476
419 211
419 236
419 280
419 311
419 363
419 391
420 72
420 201
420 265
421 130
421 291
422 67
422 213
422 279
422 370
422 497
423 117
423 160
423 221
423 233
424 28
424 30
424 168
424 306
424 338
425 174
425 374
425 375
425 494
426 210
427 159
427 173
427 254
428 7
428 164
428 195
429 125
429 272
429 386
429 484
429 488
430 39
430 77
430 229
430 373
430 384
430 392
430 499
431 245
431 379
431 408
431 490
432 297
432 427
432 442
433 56
433 122
433 301
433 323
434 145
434 334
434 343
435 134
435 458
435 501
436 58
436 66
436 207
436 361
436 419
436 462
437 125
437 161
437 378
438 280
438 441
439 60
439 143
439 194
439 220
439 428
439 450
440 77
440 158
440 272
441 82
441 147
441 271
441 432
441 442
442 43
442 423
443 139
444 28
445 79
445 335
446 143
446 260
446 399
446 424
446 484
447 79
447 93
447 139
447 218
447 225
447 447
447 474
448 187
448 457
449 24
449 114
449 238
450 35
450 336
450 372
451 181
452 208
452 353
453 147
454 329
454 391
455 174
455 312
455 395
455 465
456 130
456 261
456 319
456 332
457 73
457 108
457 201
457 265
457 269
458 244
458 258
458 436
459 3
459 24
459 37
459 49
459 176
459 403
459 465
460 9
460 304
461 75
461 96
461 136
461 298
461 329
461 342
461 423
462 59
462 221
462 239
462 263
462 282
462 316
462 408
462 413
463 201
464 145
464 297
464 363
464 408
464 492
465 30
465 36
465 65
465 73
465 169
465 209
465 213
465 326
466 192
466 290
466 329
466 348
467 98
467 322
467 339
467 396
467 446
468 74
468 117
468 148
468 171
468 268
468 366
468 455
469 98
469 481
470 59
470 173
470 295
470 322
470 411
470 471
471 30
471 104
471 367
471 371
471 404
471 435
471 483
471 496
472 130
472 220
472 319
473 210
473 488
474 79
474 168
474 435
474 468
475 109
475 340
475 460
476 244
476 352
476 451
476 499
477 60
477 197
477 297
478 98
478 148
478 157
478 211
478 344
478 417
478 429
479 47
480 84
480 281
480 292
481 152
481 204
481 228
481 245
481 282
481 315
481 377
481 407
482 77
482 169
482 392
482 496
483 339
484 35
485 9
485 340
485 343
485 346
485 352
486 155
486 291
487 84
487 122
487 148
487 440
488 190
488 254
488 382
488 480
489 53
489 63
489 173
490 18
490 44
490 166
490 246
491 17
491 32
491 308
491 323
491 415
491 419
491 440
492 253
492 453
493 51
493 348
493 382
493 411
494 120
495 304
496 41
496 117
496 127
496 146
496 185
496 203
496 301
496 382
497 180
497 249
497 430
497 497
498 315
498 435
499 93
499 166
499 281
499 318
500 14
500 101
