492
1 177
2 272
3 443
4 340
5 32
6 21
7 63
8 167
9 255
10 437
11 449
12 121
13 102
14 16
15 56
16 128
17 7
18 37
19 452
20 80
21 406
22 392
23 82
24 424
25 410
26 416
27 431
28 176
29 216
30 12
31 277
32 46
33 117
34 389
35 64
36 101
37 92
38 305
39 222
40 175
41 52
42 68
43 118
44 492
45 276
46 252
47 332
48 243
49 226
50 20
51 381
52 31
53 288
54 109
55 412
56 261
57 142
58 472
59 295
60 123
61 62
62 309
63 5
64 300
65 26
66 2
67 69
68 270
69 262
70 57
71 30
72 55
74 451
75 360
76 454
77 468
78 386
79 422
80 245
81 112
82 217
83 314
84 281
85 353
86 499
87 326
88 417
89 195
90 204
91 24
92 166
93 365
94 212
96 88
97 462
98 87
99 170
100 302
102 344
103 320
104 436
105 247
106 282
107 1
108 76
109 445
110 413
111 461
112 307
113 249
114 439
115 257
116 214
117 108
118 94
119 181
120 79
121 36
122 459
123 100
124 317
125 106
126 244
127 61
128 231
130 232
131 250
132 90
133 132
134 299
135 467
136 89
137 337
138 229
139 357
140 390
141 4
142 296
143 405
144 418
145 122
146 137
147 81
148 283
149 274
150 17
151 134
152 367
153 205
154 91
155 376
156 18
157 448
158 369
159 225
160 191
161 184
162 370
163 140
164 325
165 206
166 273
167 160
168 85
169 384
170 380
171 193
172 228
173 465
174 211
175 466
176 84
177 343
178 40
179 59
180 188
181 321
182 119
183 15
184 224
185 42
186 355
187 105
188 135
189 159
190 141
191 385
192 444
193 93
194 70
195 27
196 162
197 199
198 475
199 172
200 395
201 470
202 202
203 10
204 275
205 238
206 425
207 174
208 182
209 29
210 246
211 362
212 49
213 111
214 74
215 131
216 458
217 329
218 271
219 322
220 366
221 163
222 234
223 469
224 196
225 485
226 278
227 287
228 286
229 78
230 351
231 65
232 179
233 209
234 310
235 414
236 375
237 138
238 203
239 161
240 200
241 493
242 341
243 359
244 426
245 230
246 483
247 60
248 54
249 237
250 420
251 127
252 41
253 223
254 409
255 86
256 481
257 157
258 116
259 83
260 356
261 235
262 96
263 455
264 364
265 408
266 38
267 473
268 33
269 398
270 236
271 267
272 500
273 97
274 399
275 284
276 154
277 66
278 75
280 361
281 316
282 474
283 13
284 6
285 419
286 327
287 152
288 178
289 456
290 126
291 50
292 393
293 113
294 404
295 438
296 110
297 153
298 198
299 197
300 259
301 133
302 124
303 269
304 298
305 190
306 482
307 239
308 486
309 183
310 251
311 186
312 39
313 400
314 397
315 407
316 350
317 8
318 498
319 165
320 402
321 136
322 285
323 348
324 494
325 453
326 294
327 67
328 180
329 95
330 187
331 265
332 233
333 185
334 313
335 144
336 289
337 394
338 421
339 150
340 371
341 377
342 328
343 330
344 23
345 446
346 388
347 306
348 290
349 156
350 280
351 45
352 3
353 129
354 430
355 219
356 479
357 463
358 19
359 99
360 428
361 349
362 155
363 303
364 149
365 148
366 279
367 476
368 347
369 11
370 293
371 256
372 25
373 266
374 495
375 143
376 484
377 248
378 464
379 51
380 490
381 480
382 71
383 432
384 189
385 158
386 372
387 346
388 107
389 387
390 489
391 358
392 22
393 345
394 401
396 242
397 491
398 227
399 478
400 171
401 477
402 368
403 115
404 411
405 450
406 331
407 434
408 264
409 151
410 311
411 383
412 308
413 218
414 240
415 301
416 58
417 333
418 423
419 363
420 72
421 130
422 213
423 221
424 338
425 374
426 210
427 173
428 164
429 125
430 373
431 379
432 427
433 323
434 334
435 501
436 207
437 378
438 441
439 194
440 77
441 442
442 43
443 139
444 28
445 335
446 260
447 447
448 457
449 114
450 336
452 208
453 147
454 391
455 312
456 319
457 73
458 258
459 403
460 304
461 342
462 263
463 201
464 145
465 169
466 192
467 396
468 268
469 98
470 471
471 104
472 220
473 488
474 168
475 460
476 352
477 297
478 429
479 47
480 292
481 315
482 496
483 339
484 35
485 9
486 291
487 440
488 254
489 53
490 44
491 415
492 253
493 382
494 120
496 146
497 497
498 435
499 318
500 14

