800
1 27
2 13
3 3
4 15
5 4
6 35
7 5
8 31
9 22
10 49
11 10
12 1
13 8
14 18
15 45
16 34
17 21
18 88
19 9
20 16
21 24
22 51
23 39
24 11
25 20
26 6
27 40
28 91
29 46
30 30
31 50
32 23
33 7
34 28
35 59
36 33
37 62
38 26
39 113
40 42
41 43
42 2
43 56
44 36
45 63
46 37
47 41
48 48
49 68
50 75
51 14
52 17
53 53
54 12
55 73
56 71
57 55
58 57
59 69
60 32
61 47
62 61
63 19
64 65
65 54
66 64
67 78
68 67
69 44
70 52
71 85
72 66
73 58
74 99
75 100
76 29
77 111
78 83
79 87
80 93
81 70
82 92
83 95
84 74
85 109
86 89
87 96
88 117
89 102
90 132
91 72
92 77
93 108
94 79
95 123
96 25
97 82
98 90
99 84
100 80
101 112
102 114
103 101
104 38
105 105
106 86
107 118
108 121
109 76
110 98
111 165
112 122
113 138
114 157
115 148
116 124
117 60
118 145
119 128
120 191
121 119
122 147
123 164
124 81
125 107
126 155
127 131
128 198
129 134
130 94
131 137
132 201
133 231
134 103
135 127
136 126
137 135
138 171
139 139
140 136
141 143
142 106
143 130
144 120
145 133
146 115
147 110
148 225
149 104
150 116
151 163
152 142
153 149
154 159
155 150
156 177
157 161
158 167
159 154
160 140
161 185
162 97
163 166
164 168
165 173
166 125
167 156
168 248
169 152
170 129
171 222
172 151
173 237
174 158
175 175
176 180
177 141
178 144
179 189
180 184
181 170
182 172
183 169
184 194
185 146
186 199
187 178
188 179
189 162
190 181
191 190
192 160
193 188
194 205
195 196
196 200
197 176
198 207
199 211
200 232
201 183
202 195
203 253
204 224
205 203
206 214
207 192
208 251
209 193
210 204
211 182
212 153
213 217
214 174
215 186
216 261
217 243
218 212
219 206
220 262
221 202
222 258
223 265
224 187
225 213
226 215
227 280
228 208
229 269
230 223
231 218
232 235
233 216
234 268
235 221
236 254
237 264
238 228
239 229
240 238
241 227
242 293
243 259
244 219
245 197
246 283
247 233
248 244
249 245
250 226
251 230
252 252
253 301
254 276
255 210
256 274
257 271
258 242
259 234
260 256
261 209
262 299
263 296
264 220
265 240
266 300
267 270
268 246
269 278
270 285
271 250
272 275
273 249
274 308
275 263
276 236
277 282
278 273
279 255
280 257
281 260
282 291
283 241
284 239
285 281
286 330
287 305
288 289
289 266
290 295
291 332
292 288
293 297
294 247
295 348
296 329
297 272
298 302
299 267
300 306
301 339
302 279
303 340
304 309
305 347
306 286
307 344
308 325
309 284
310 298
311 310
312 318
313 294
314 290
315 277
316 315
317 317
318 287
319 316
320 396
321 341
322 352
323 303
324 313
325 361
326 320
327 304
328 319
329 321
330 311
331 366
332 350
333 312
334 349
335 343
336 338
337 369
338 307
339 358
340 383
341 372
342 333
343 292
344 485
345 337
346 365
347 322
348 403
349 326
350 346
351 354
352 335
353 345
354 351
355 388
356 377
357 328
358 378
359 368
360 323
361 373
362 327
363 367
364 360
365 363
366 357
367 342
368 353
369 381
370 390
371 355
372 400
373 324
374 385
375 336
376 375
377 364
378 391
379 334
380 410
381 387
382 362
383 436
384 314
385 414
386 371
387 412
388 424
389 420
390 370
391 428
392 411
393 392
394 516
395 384
396 374
397 380
398 442
399 401
400 356
401 331
402 438
403 405
404 416
405 359
406 465
407 408
408 395
409 382
410 417
411 386
412 393
413 404
414 398
415 376
416 415
417 399
418 379
419 397
420 409
421 402
422 389
423 435
424 429
425 394
426 458
427 407
428 418
429 455
430 468
431 406
432 423
433 440
434 432
435 426
436 467
437 421
438 452
439 460
440 437
441 419
442 527
443 459
444 462
445 443
446 486
447 461
448 445
449 456
450 444
451 451
452 431
453 449
454 536
455 446
456 439
457 422
458 427
459 413
460 475
461 448
462 479
463 469
464 450
465 430
466 441
467 453
468 470
469 483
470 575
471 487
472 466
473 433
474 447
475 434
476 471
477 473
478 525
479 425
480 492
481 511
482 522
483 500
484 504
485 457
486 490
487 484
488 537
489 498
490 463
491 503
492 464
493 482
494 494
495 489
496 517
497 513
498 477
499 480
500 514
501 506
502 501
503 518
504 491
505 481
506 523
507 563
508 472
509 505
510 577
511 502
512 529
513 597
514 528
515 476
516 586
517 478
518 538
519 493
520 496
521 534
522 530
523 549
524 541
525 509
526 510
527 531
528 548
529 540
530 519
531 499
532 571
533 474
534 454
535 507
536 552
537 495
538 497
539 546
540 543
541 611
542 524
543 508
544 545
545 567
546 564
547 585
548 515
549 572
550 520
551 554
552 568
553 533
554 512
555 532
556 565
557 556
558 588
559 521
560 542
561 526
562 555
563 488
564 581
565 544
566 561
567 562
568 557
569 578
570 550
571 558
572 551
573 587
574 570
575 616
576 559
577 566
578 598
579 579
580 584
581 583
582 596
583 560
584 553
585 599
586 535
587 576
588 580
589 644
590 662
591 592
592 603
593 590
594 569
595 612
596 605
597 595
598 625
599 609
600 582
601 647
602 614
603 627
604 640
605 589
606 539
607 645
608 601
609 547
610 574
611 632
612 615
613 593
614 607
615 608
616 610
617 591
618 686
619 620
620 637
621 573
622 618
623 623
624 613
625 661
626 656
627 621
628 602
629 631
630 626
631 604
632 643
633 641
634 635
635 634
636 619
637 624
638 665
639 675
640 628
641 594
642 646
643 639
644 655
645 672
646 633
647 606
648 617
649 648
650 636
651 673
652 638
653 670
654 659
655 654
656 663
657 706
658 622
659 630
660 687
661 650
662 657
663 684
664 674
665 668
666 649
667 600
668 660
669 683
670 629
671 651
672 691
673 718
674 669
675 748
676 700
677 685
678 652
679 696
680 692
681 688
682 682
683 719
684 666
685 678
686 671
687 735
688 728
689 658
690 642
691 653
692 701
693 680
694 723
695 693
696 681
697 699
698 710
699 697
700 664
701 720
702 727
703 676
704 690
705 724
706 705
707 709
708 698
709 743
710 677
711 712
712 667
713 689
714 725
715 695
716 711
717 717
718 780
719 714
720 703
721 713
722 704
723 738
724 708
725 679
726 694
727 716
728 707
729 726
730 741
731 721
732 755
733 739
734 731
735 732
736 702
737 729
738 750
739 798
740 799
741 730
742 747
743 715
744 751
745 749
746 733
747 744
748 753
749 771
750 740
751 736
752 722
753 746
756 754
757 742
758 772
759 774
760 752
761 781
762 757
763 790
764 737
765 734
766 793
767 767
768 775
769 745
770 765
771 795
773 776
774 782
775 761
776 766
777 758
778 764
779 785
780 791
781 759
782 784
783 773
784 789
785 792
786 786
788 787
789 762
790 769
792 756
794 778
796 768
797 796
798 797
801 770
802 788
803 777
807 794
818 763
825 800
830 779
833 783
849 760

